0.000000000000000000e+00 1.000000000000000000e+00 2.377162222336837438e-01 9.441111761935020441e-01
1.178634345639408137e-01 9.859716785117271787e-01 2.135471349474086233e-01 9.529522695977626912e-01
1.365901873116998344e-01 9.813603269006885288e-01 2.077621500539229005e-01 9.555374981656636901e-01
1.583197032291892847e-01 9.753832225881537976e-01 2.124869853017729016e-01 9.546099106722629735e-01
1.662403464589964075e-01 9.734276003474376937e-01 2.216206535322829685e-01 9.517729654313716869e-01
1.759406963301352600e-01 9.716154000199572760e-01 2.376891112459031119e-01 9.465082344507963485e-01
1.903724199453982191e-01 9.675281798947923395e-01 2.472395726575022379e-01 9.442689678693848565e-01
2.014964443540454286e-01 9.649886233218907261e-01 2.596287279573021856e-01 9.383834829676879208e-01
2.180016648540067936e-01 9.594185734834815849e-01 2.687231783930835172e-01 9.359926637796791571e-01
2.339149719088221280e-01 9.544020506553472227e-01 2.751233880156256917e-01 9.348283708221057919e-01
2.428555832857776375e-01 9.531233732912224310e-01 2.877989302236825253e-01 9.305303343157191875e-01
2.596621022789911137e-01 9.473236896147507746e-01 3.006607210250896722e-01 9.270216100324336628e-01
2.716351767832745900e-01 9.437834097184575333e-01 3.166806889945794068e-01 9.200986055161242128e-01
2.874496984558926327e-01 9.385641272204525709e-01 3.296009580300746089e-01 9.147884740441427631e-01
3.014148911421217769e-01 9.329498666127818973e-01 3.403625264820501761e-01 9.116356122163693509e-01
3.152090062250843538e-01 9.274228029245853433e-01 3.548720007560369760e-01 9.016371871615110889e-01
3.292911153386924306e-01 9.200680934184203297e-01 3.657976491653115447e-01 8.949652064146038644e-01
3.411679250441432276e-01 9.145110993950242850e-01 3.803897013924184556e-01 8.861127759519341618e-01
3.525991764235114068e-01 9.093337635656969509e-01 3.923862530224704881e-01 8.784547889059188819e-01
3.658715329440422326e-01 9.016094673445814722e-01 4.062617326109763671e-01 8.666356911641173166e-01
