1.000000000000000000e+00 1.000000000000000000e+00 1.682569714663576244e-01 9.718932125775323616e-01 2.698351170640227448e-01 9.276840820749238103e-01
1.000000000000000000e+00 2.000000000000000000e+00 1.325936626506715177e-01 9.823367478469351433e-01 2.513967854667971680e-01 9.345841676497989026e-01
1.000000000000000000e+00 3.000000000000000000e+00 1.218036841734404657e-01 9.850035983469869194e-01 2.308928749031217698e-01 9.447681879997846810e-01
1.000000000000000000e+00 4.000000000000000000e+00 1.038364571614524279e-01 9.891581833400963086e-01 2.138321776232977867e-01 9.526149131425325489e-01
1.000000000000000000e+00 5.000000000000000000e+00 9.922035950388131964e-02 9.903379456149132842e-01 2.092586793798706102e-01 9.548555464228855039e-01
1.000000000000000000e+00 6.000000000000000000e+00 1.026205527275003276e-01 9.895710308016174572e-01 2.152536770570503410e-01 9.522121170327411122e-01
1.000000000000000000e+00 7.000000000000000000e+00 9.036196203202667698e-02 9.920052467219094838e-01 2.105431267239110116e-01 9.543203000522562096e-01
1.000000000000000000e+00 8.000000000000000000e+00 8.624178934107337713e-02 9.927532713939296594e-01 1.997883748572459317e-01 9.593067587265999840e-01
1.000000000000000000e+00 9.000000000000000000e+00 8.603578905843303759e-02 9.927796554910818250e-01 2.101935408064856126e-01 9.544506544024278227e-01
1.000000000000000000e+00 1.000000000000000000e+01 8.371758593763498069e-02 9.932324421191289776e-01 2.000829138134146701e-01 9.591002407651914030e-01
1.000000000000000000e+00 1.100000000000000000e+01 8.757188752624227301e-02 9.924305833052669001e-01 2.057137097482006072e-01 9.564796867534707259e-01
1.000000000000000000e+00 1.200000000000000000e+01 8.023608146693385346e-02 9.937284188912999250e-01 1.948015443974462357e-01 9.609881169517976440e-01
1.000000000000000000e+00 1.300000000000000000e+01 8.734196658176462957e-02 9.926617339321485156e-01 2.006872044120545373e-01 9.590272847834745429e-01
1.000000000000000000e+00 1.400000000000000000e+01 8.042161615723691925e-02 9.937069754332792382e-01 2.007446116591079521e-01 9.585966253887558963e-01
1.000000000000000000e+00 1.500000000000000000e+01 7.746065070920570006e-02 9.941522274911768209e-01 1.959712788037027420e-01 9.603229297820872201e-01
1.000000000000000000e+00 1.600000000000000000e+01 8.040541455259940518e-02 9.937814498514795369e-01 1.933464256391949354e-01 9.616682297749359343e-01
1.000000000000000000e+00 1.700000000000000000e+01 7.875657966969434876e-02 9.939539070631636664e-01 1.942989413500736395e-01 9.613264338231274353e-01
1.000000000000000000e+00 1.800000000000000000e+01 8.152455267943420347e-02 9.936085211970409059e-01 1.978598269981331759e-01 9.596372196968223633e-01
1.000000000000000000e+00 1.900000000000000000e+01 8.182313090234569208e-02 9.936023895617277502e-01 2.003935322397423224e-01 9.584922437593138556e-01
1.000000000000000000e+00 2.000000000000000000e+01 7.678881698928982646e-02 9.942928660411272102e-01 1.952723512794280469e-01 9.606993562828574085e-01
2.000000000000000000e+00 1.000000000000000000e+00 1.930567119529502107e-01 9.623321433869456154e-01 2.820073904360067552e-01 9.174138764518224853e-01
2.000000000000000000e+00 2.000000000000000000e+00 1.512512750234414338e-01 9.768929705213866832e-01 2.407497809895014773e-01 9.395319812368958523e-01
2.000000000000000000e+00 3.000000000000000000e+00 1.288044709825972856e-01 9.833142864026244157e-01 2.259619635720479247e-01 9.472401492671418399e-01
2.000000000000000000e+00 4.000000000000000000e+00 1.346025688985316993e-01 9.820897178194728516e-01 2.054870567668015124e-01 9.562333971971228586e-01
2.000000000000000000e+00 5.000000000000000000e+00 1.212204683175182596e-01 9.857695852087068333e-01 2.113129473803626590e-01 9.541322155614033740e-01
2.000000000000000000e+00 6.000000000000000000e+00 1.239813655912563317e-01 9.849000275274379934e-01 2.034583859134599937e-01 9.577891631425626828e-01
2.000000000000000000e+00 7.000000000000000000e+00 1.137096237792749875e-01 9.875734115437503347e-01 1.926437271387465566e-01 9.621378846383036310e-01
2.000000000000000000e+00 8.000000000000000000e+00 1.187682677515763535e-01 9.865889035260976270e-01 2.188431636717542428e-01 9.510827426227942416e-01
2.000000000000000000e+00 9.000000000000000000e+00 1.134097603152161571e-01 9.878226171233727149e-01 1.963529669776493958e-01 9.609327477289262287e-01
2.000000000000000000e+00 1.000000000000000000e+01 1.151582453029394437e-01 9.870877425341074707e-01 1.928850222223718325e-01 9.620424518422286964e-01
2.000000000000000000e+00 1.100000000000000000e+01 1.085511798470634864e-01 9.888098141542294162e-01 1.951576767812587265e-01 9.614250665613073288e-01
2.000000000000000000e+00 1.200000000000000000e+01 1.051531845655257619e-01 9.896278826233858572e-01 1.921689741548059382e-01 9.626608960453503228e-01
2.000000000000000000e+00 1.300000000000000000e+01 1.144417997912361012e-01 9.873858982863918943e-01 1.930080501323110653e-01 9.626007477070523954e-01
2.000000000000000000e+00 1.400000000000000000e+01 1.094996767621544964e-01 9.884996919795999704e-01 1.863709994824609972e-01 9.651070658469913521e-01
2.000000000000000000e+00 1.500000000000000000e+01 1.122163801038951747e-01 9.882285108173081145e-01 1.938024600724197188e-01 9.629871969547905142e-01
2.000000000000000000e+00 1.600000000000000000e+01 1.081853243086056265e-01 9.888178276388975840e-01 1.929377916716961405e-01 9.626970489342552284e-01
2.000000000000000000e+00 1.700000000000000000e+01 1.031553475193385944e-01 9.899194374395960949e-01 1.852655368070879605e-01 9.654557333254376594e-01
2.000000000000000000e+00 1.800000000000000000e+01 1.070491922837873561e-01 9.891268268234851835e-01 1.858086458486429005e-01 9.652815798705719486e-01
2.000000000000000000e+00 1.900000000000000000e+01 1.086305234806212300e-01 9.887439711124529351e-01 1.894588435393502190e-01 9.640959165986272561e-01
2.000000000000000000e+00 2.000000000000000000e+01 1.053287709900497943e-01 9.895432943825557270e-01 1.935046576682899755e-01 9.623661935570485548e-01
3.000000000000000000e+00 1.000000000000000000e+00 2.002024980808256305e-01 9.589608842373200659e-01 2.622532177230093575e-01 9.277786545463535539e-01
3.000000000000000000e+00 2.000000000000000000e+00 1.563999427362820216e-01 9.760131432614892466e-01 2.126253615754615522e-01 9.540346418730756284e-01
3.000000000000000000e+00 3.000000000000000000e+00 1.519797244262716951e-01 9.770692270701698545e-01 2.166993439868465654e-01 9.524477023252555519e-01
3.000000000000000000e+00 4.000000000000000000e+00 1.437818647838113584e-01 9.800099117042689878e-01 2.110280540998842047e-01 9.546143001089912872e-01
3.000000000000000000e+00 5.000000000000000000e+00 1.411511786461480955e-01 9.809200811812670562e-01 2.113233846490570611e-01 9.550904895235287073e-01
3.000000000000000000e+00 6.000000000000000000e+00 1.367821088447212230e-01 9.824412428362317984e-01 2.024060541293195847e-01 9.594220549494920647e-01
3.000000000000000000e+00 7.000000000000000000e+00 1.333097913169230542e-01 9.830935139406627998e-01 2.104620738134951596e-01 9.563364270151657465e-01
3.000000000000000000e+00 8.000000000000000000e+00 1.312787463678878053e-01 9.836169403124467303e-01 2.043952398515643809e-01 9.582449335545577540e-01
3.000000000000000000e+00 9.000000000000000000e+00 1.360712000678104550e-01 9.825839735511715523e-01 2.132968906632539685e-01 9.539677403020014879e-01
3.000000000000000000e+00 1.000000000000000000e+01 1.322017967032273478e-01 9.839187767217111302e-01 2.033205762104895731e-01 9.599257836278020095e-01
3.000000000000000000e+00 1.100000000000000000e+01 1.285696323483664083e-01 9.847239565239785941e-01 2.040041088472243080e-01 9.592667923298759947e-01
3.000000000000000000e+00 1.200000000000000000e+01 1.323464545079520716e-01 9.835830522899180473e-01 1.978032445739137390e-01 9.611352182041954517e-01
3.000000000000000000e+00 1.300000000000000000e+01 1.300446236012546275e-01 9.843820618249733423e-01 1.915700709414024094e-01 9.643800482163874532e-01
3.000000000000000000e+00 1.400000000000000000e+01 1.288986016796954404e-01 9.847143637717393760e-01 1.946790582514287826e-01 9.630025950946362601e-01
3.000000000000000000e+00 1.500000000000000000e+01 1.297917575335370277e-01 9.843247199119069535e-01 1.975339218174567424e-01 9.620164993160559286e-01
3.000000000000000000e+00 1.600000000000000000e+01 1.259774948522817961e-01 9.856495128975338860e-01 1.913880695957888289e-01 9.643910626931914143e-01
3.000000000000000000e+00 1.700000000000000000e+01 1.257335496818486886e-01 9.853922173462424938e-01 1.896743850592062519e-01 9.649731596634918418e-01
3.000000000000000000e+00 1.800000000000000000e+01 1.289406687491459480e-01 9.846145017489948970e-01 1.975734422444049843e-01 9.622420054179924298e-01
3.000000000000000000e+00 1.900000000000000000e+01 1.266180368486421737e-01 9.853978705092749646e-01 2.054907192560333495e-01 9.582969023325789149e-01
3.000000000000000000e+00 2.000000000000000000e+01 1.227804399098401944e-01 9.861660155244501569e-01 1.942001708708159802e-01 9.629847272203175823e-01
4.000000000000000000e+00 1.000000000000000000e+00 2.034632472059462738e-01 9.577149815529976129e-01 2.752573314694894413e-01 9.201402175637446446e-01
4.000000000000000000e+00 2.000000000000000000e+00 1.858846946452846205e-01 9.657843650238590039e-01 2.504246161299192308e-01 9.375055278905098932e-01
4.000000000000000000e+00 3.000000000000000000e+00 1.686069405615413519e-01 9.724415685953445854e-01 2.309017388674148574e-01 9.463419949402650522e-01
4.000000000000000000e+00 4.000000000000000000e+00 1.605124288239702934e-01 9.756118741090726854e-01 2.139692428829132742e-01 9.551881657183339813e-01
4.000000000000000000e+00 5.000000000000000000e+00 1.625972814888559936e-01 9.751411378287366816e-01 2.207693102856428946e-01 9.534373433762243222e-01
4.000000000000000000e+00 6.000000000000000000e+00 1.580663622908006494e-01 9.768564492593362347e-01 2.221040416493761105e-01 9.522104109246427583e-01
4.000000000000000000e+00 7.000000000000000000e+00 1.469712796939330601e-01 9.797997702577432300e-01 2.105271695551298450e-01 9.573024204971446460e-01
4.000000000000000000e+00 8.000000000000000000e+00 1.549366707714818214e-01 9.781257060061725461e-01 2.183525338631386314e-01 9.542170191837607840e-01
4.000000000000000000e+00 9.000000000000000000e+00 1.494919434968814687e-01 9.797171972295969367e-01 2.166070812380540556e-01 9.549479896236851006e-01
4.000000000000000000e+00 1.000000000000000000e+01 1.496630527501122410e-01 9.799143651380531894e-01 2.084571989962617500e-01 9.597538542152465046e-01
4.000000000000000000e+00 1.100000000000000000e+01 1.436865600225828710e-01 9.810332429065968807e-01 2.033112091040411851e-01 9.601801097842050936e-01
4.000000000000000000e+00 1.200000000000000000e+01 1.483187488894877060e-01 9.801088557112755950e-01 2.176715667033566060e-01 9.544830130004068325e-01
4.000000000000000000e+00 1.300000000000000000e+01 1.488582513110056627e-01 9.801392796553052289e-01 2.061117547317844190e-01 9.598582187310947811e-01
4.000000000000000000e+00 1.400000000000000000e+01 1.463227961384931941e-01 9.805957026100233787e-01 2.088350189906538201e-01 9.587353989927166475e-01
4.000000000000000000e+00 1.500000000000000000e+01 1.475822182691262086e-01 9.804962914437276300e-01 2.057396043565151711e-01 9.608128650723248843e-01
4.000000000000000000e+00 1.600000000000000000e+01 1.463400523871211389e-01 9.808381404843478091e-01 2.058801756425260865e-01 9.599695594293091716e-01
4.000000000000000000e+00 1.700000000000000000e+01 1.460060316011626280e-01 9.809523936384827447e-01 2.073118925954559044e-01 9.596924488060292191e-01
4.000000000000000000e+00 1.800000000000000000e+01 1.455486230314054219e-01 9.814360612292022390e-01 2.037209159230383149e-01 9.615236139571116114e-01
4.000000000000000000e+00 1.900000000000000000e+01 1.429301604439967566e-01 9.818115153343438539e-01 2.076901793676459163e-01 9.589659116818167739e-01
4.000000000000000000e+00 2.000000000000000000e+01 1.457856464068498781e-01 9.809584806882185593e-01 2.100856443213500735e-01 9.585971854307414608e-01
5.000000000000000000e+00 1.000000000000000000e+00 2.084720176348926202e-01 9.559139225004501528e-01 2.630843748902073620e-01 9.273221588179388908e-01
5.000000000000000000e+00 2.000000000000000000e+00 1.957048856834368022e-01 9.632922390777810540e-01 2.533439427694414436e-01 9.364959547221145542e-01
5.000000000000000000e+00 3.000000000000000000e+00 1.746819962087947098e-01 9.719127271541427859e-01 2.457211528514505194e-01 9.403034964439372922e-01
5.000000000000000000e+00 4.000000000000000000e+00 1.750390756604658371e-01 9.718312985106397628e-01 2.305505505582021164e-01 9.499016507281159427e-01
5.000000000000000000e+00 5.000000000000000000e+00 1.737561748363121994e-01 9.723577721750203962e-01 2.424487559237762935e-01 9.429631401818810987e-01
5.000000000000000000e+00 6.000000000000000000e+00 1.738672385095629269e-01 9.727301171751668862e-01 2.358809066970898871e-01 9.474979015320840192e-01
5.000000000000000000e+00 7.000000000000000000e+00 1.667486011632021980e-01 9.753434852605191718e-01 2.353526864799256602e-01 9.473813289888438627e-01
5.000000000000000000e+00 8.000000000000000000e+00 1.640600164905886005e-01 9.761614185653934017e-01 2.269460690133129899e-01 9.514763184832503162e-01
5.000000000000000000e+00 9.000000000000000000e+00 1.698354823296697180e-01 9.743073788281362280e-01 2.231928439030736455e-01 9.544005965302015948e-01
5.000000000000000000e+00 1.000000000000000000e+01 1.645333629806941811e-01 9.762407258199240490e-01 2.182008767009415429e-01 9.567439659820320408e-01
5.000000000000000000e+00 1.100000000000000000e+01 1.608749572540011663e-01 9.772947285102657755e-01 2.239139480553247186e-01 9.526424245119572420e-01
5.000000000000000000e+00 1.200000000000000000e+01 1.630825333939719679e-01 9.765323247126744821e-01 2.205039648520822904e-01 9.555532033333280495e-01
5.000000000000000000e+00 1.300000000000000000e+01 1.615009324770422805e-01 9.770406724351613503e-01 2.179892281201183668e-01 9.560234264908434865e-01
5.000000000000000000e+00 1.400000000000000000e+01 1.621314177786440380e-01 9.776635250395204757e-01 2.230451265221157220e-01 9.550516749276724005e-01
5.000000000000000000e+00 1.500000000000000000e+01 1.594296067871982248e-01 9.778751199402500038e-01 2.232017170712403964e-01 9.540259838264836256e-01
5.000000000000000000e+00 1.600000000000000000e+01 1.584525802702480834e-01 9.781181734347501600e-01 2.224038542730041312e-01 9.542611446492134109e-01
5.000000000000000000e+00 1.700000000000000000e+01 1.613875549549389499e-01 9.780785023670967027e-01 2.165304440662142171e-01 9.586844744965359322e-01
5.000000000000000000e+00 1.800000000000000000e+01 1.635625737469623697e-01 9.772839092627600976e-01 2.197734078760600618e-01 9.564103189165931163e-01
5.000000000000000000e+00 1.900000000000000000e+01 1.631699470895515425e-01 9.767253161408605555e-01 2.228990997483722425e-01 9.545792619908718413e-01
5.000000000000000000e+00 2.000000000000000000e+01 1.588531304869237881e-01 9.784061622368528388e-01 2.171969869439721035e-01 9.571044366651626500e-01
6.000000000000000000e+00 1.000000000000000000e+00 2.344040150821196378e-01 9.452092370073471583e-01 2.931622763167871515e-01 9.122581946376454587e-01
6.000000000000000000e+00 2.000000000000000000e+00 1.998046534677989927e-01 9.623930346606006658e-01 2.532677205303535128e-01 9.374789022115528336e-01
6.000000000000000000e+00 3.000000000000000000e+00 1.961237837769297665e-01 9.658215068036306583e-01 2.382608130508246658e-01 9.475996035188027911e-01
6.000000000000000000e+00 4.000000000000000000e+00 1.840472527819984883e-01 9.704241878779147346e-01 2.387222105218408663e-01 9.473374574763061551e-01
6.000000000000000000e+00 5.000000000000000000e+00 1.899738160503027795e-01 9.680891318710420634e-01 2.375714851484525270e-01 9.488688305783542498e-01
6.000000000000000000e+00 6.000000000000000000e+00 1.836413111326167802e-01 9.709071907499978726e-01 2.339922984773260550e-01 9.507918119006990576e-01
6.000000000000000000e+00 7.000000000000000000e+00 1.947399625681545676e-01 9.670743317027207242e-01 2.543381478127302309e-01 9.408289375776064389e-01
6.000000000000000000e+00 8.000000000000000000e+00 1.839265752453785319e-01 9.715775365044828638e-01 2.413798530154487587e-01 9.477004137390203642e-01
6.000000000000000000e+00 9.000000000000000000e+00 1.781271165906423981e-01 9.731065954086799419e-01 2.238612411799667246e-01 9.562217305141105239e-01
6.000000000000000000e+00 1.000000000000000000e+01 1.771228237164338137e-01 9.730528017756796544e-01 2.298579946236651850e-01 9.521187019277774777e-01
6.000000000000000000e+00 1.100000000000000000e+01 1.810038398541309324e-01 9.724469270812079458e-01 2.448356047648431733e-01 9.452481253600641953e-01
6.000000000000000000e+00 1.200000000000000000e+01 1.799833386004342506e-01 9.723744089633575838e-01 2.346233405827767293e-01 9.506822240991538164e-01
6.000000000000000000e+00 1.300000000000000000e+01 1.836396427119549313e-01 9.713922773821433987e-01 2.443278531579288482e-01 9.452341494205578343e-01
6.000000000000000000e+00 1.400000000000000000e+01 1.784133012653618122e-01 9.737511704416281777e-01 2.345003817425156400e-01 9.516437707661600243e-01
6.000000000000000000e+00 1.500000000000000000e+01 1.760396040047145783e-01 9.741608377993612455e-01 2.257539232034137533e-01 9.565345751583531619e-01
6.000000000000000000e+00 1.600000000000000000e+01 1.731891885174169921e-01 9.748074762813231375e-01 2.345144116410578516e-01 9.503828527785089797e-01
6.000000000000000000e+00 1.700000000000000000e+01 1.786450019621992624e-01 9.730277116216184963e-01 2.298260861532367694e-01 9.534986099511764124e-01
6.000000000000000000e+00 1.800000000000000000e+01 1.721137987499426480e-01 9.753360137256034124e-01 2.235506293347917506e-01 9.562464791290512522e-01
6.000000000000000000e+00 1.900000000000000000e+01 1.734339939190110147e-01 9.752809921370294566e-01 2.385108859582981411e-01 9.486735205601716237e-01
6.000000000000000000e+00 2.000000000000000000e+01 1.771563588188473648e-01 9.738950403056394478e-01 2.324890796371687218e-01 9.525496097407828433e-01
7.000000000000000000e+00 1.000000000000000000e+00 2.455118191148513984e-01 9.398647586305439727e-01 2.922175467022070650e-01 9.106719629539058447e-01
7.000000000000000000e+00 2.000000000000000000e+00 2.189230488464042612e-01 9.548435616682763305e-01 2.820137567338125706e-01 9.215630854706252650e-01
7.000000000000000000e+00 3.000000000000000000e+00 2.100362864008610830e-01 9.617787124200105620e-01 2.560606252680692196e-01 9.418866945813355596e-01
7.000000000000000000e+00 4.000000000000000000e+00 2.079201941410429855e-01 9.616459249799303999e-01 2.554260657436144277e-01 9.403475956110549649e-01
7.000000000000000000e+00 5.000000000000000000e+00 2.030987882743025275e-01 9.630095953804227449e-01 2.581059582468873681e-01 9.375856145857986990e-01
7.000000000000000000e+00 6.000000000000000000e+00 1.948615393862078715e-01 9.672544574699892816e-01 2.533519177217404272e-01 9.405832836384148132e-01
7.000000000000000000e+00 7.000000000000000000e+00 1.952260865215442176e-01 9.667755476851225271e-01 2.554808230621886111e-01 9.420440008722931191e-01
7.000000000000000000e+00 8.000000000000000000e+00 1.975157640303875639e-01 9.673170234293565484e-01 2.561323143595289342e-01 9.419732584561368860e-01
7.000000000000000000e+00 9.000000000000000000e+00 1.996757621265762284e-01 9.669428778633561983e-01 2.564213225127194296e-01 9.426631245121480651e-01
7.000000000000000000e+00 1.000000000000000000e+01 1.966118933112386280e-01 9.678942820864638863e-01 2.524188444444032120e-01 9.431058672832725032e-01
7.000000000000000000e+00 1.100000000000000000e+01 1.957894052221373637e-01 9.688235432985797813e-01 2.507980755537840278e-01 9.464232479543933652e-01
7.000000000000000000e+00 1.200000000000000000e+01 1.869021395048496847e-01 9.720243615517732971e-01 2.419591627544286916e-01 9.494091154945201172e-01
7.000000000000000000e+00 1.300000000000000000e+01 1.904998148378088396e-01 9.708028004601779726e-01 2.498094099596524509e-01 9.449037324922678893e-01
7.000000000000000000e+00 1.400000000000000000e+01 1.938780195531266681e-01 9.690394315133371572e-01 2.458362523823101053e-01 9.472643042355340937e-01
7.000000000000000000e+00 1.500000000000000000e+01 1.926461028782627261e-01 9.692570316698680966e-01 2.413471907728864385e-01 9.506720624903157724e-01
7.000000000000000000e+00 1.600000000000000000e+01 1.897936181771598119e-01 9.711501641181600197e-01 2.474071162206102625e-01 9.478102735875352236e-01
7.000000000000000000e+00 1.700000000000000000e+01 1.913472652578465938e-01 9.699879334912463458e-01 2.482034866619365066e-01 9.457336000453031577e-01
7.000000000000000000e+00 1.800000000000000000e+01 1.943094087984634233e-01 9.695396030103266005e-01 2.478158483620385710e-01 9.476557005480253926e-01
7.000000000000000000e+00 1.900000000000000000e+01 1.935353099984722380e-01 9.704932342388558064e-01 2.489983049076777144e-01 9.466007344013597224e-01
7.000000000000000000e+00 2.000000000000000000e+01 1.916137297409295503e-01 9.711525916144846393e-01 2.444140766390313912e-01 9.498295119415163246e-01
8.000000000000000000e+00 1.000000000000000000e+00 2.462831762886737996e-01 9.421634247627421743e-01 3.002487994430338980e-01 9.107494507126956407e-01
8.000000000000000000e+00 2.000000000000000000e+00 2.322533717533242503e-01 9.504696803703531760e-01 2.901809423174822045e-01 9.188399611517795718e-01
8.000000000000000000e+00 3.000000000000000000e+00 2.216553771489014613e-01 9.582712797892052325e-01 2.839674418061560734e-01 9.263459310016233239e-01
8.000000000000000000e+00 4.000000000000000000e+00 2.164616477766430347e-01 9.608205694433217259e-01 2.689851787390581950e-01 9.369846485843033035e-01
8.000000000000000000e+00 5.000000000000000000e+00 2.185404744511752484e-01 9.600958346395589427e-01 2.712557534570854134e-01 9.351240872458537190e-01
8.000000000000000000e+00 6.000000000000000000e+00 2.172112557286547674e-01 9.603997424569724606e-01 2.641239044348850373e-01 9.405913931845144571e-01
8.000000000000000000e+00 7.000000000000000000e+00 2.138117493383548395e-01 9.640978911431512532e-01 2.632553126894123241e-01 9.416978447651885853e-01
8.000000000000000000e+00 8.000000000000000000e+00 2.098797039915951401e-01 9.650590294312781925e-01 2.662877195397284624e-01 9.403201416743963703e-01
8.000000000000000000e+00 9.000000000000000000e+00 2.121242396474419811e-01 9.634854413813908058e-01 2.636203463685352633e-01 9.404948832331440078e-01
8.000000000000000000e+00 1.000000000000000000e+01 2.050613733771591563e-01 9.669473887946647972e-01 2.604480090952679960e-01 9.425109859850611116e-01
8.000000000000000000e+00 1.100000000000000000e+01 2.103886780898599485e-01 9.645254585893475729e-01 2.629090442457037158e-01 9.413264076296971039e-01
8.000000000000000000e+00 1.200000000000000000e+01 2.123692612006340408e-01 9.635182169674217922e-01 2.681163794789334642e-01 9.368553530250322003e-01
8.000000000000000000e+00 1.300000000000000000e+01 2.095260302854762557e-01 9.641641845100918928e-01 2.632001724190125014e-01 9.406135647624725982e-01
8.000000000000000000e+00 1.400000000000000000e+01 2.083475097893902894e-01 9.656871608990383882e-01 2.678559388171183886e-01 9.373797318371708265e-01
8.000000000000000000e+00 1.500000000000000000e+01 2.041079285433391732e-01 9.672705246305489668e-01 2.521547308642662633e-01 9.479828256455077318e-01
8.000000000000000000e+00 1.600000000000000000e+01 2.074812158838554299e-01 9.659120620134648005e-01 2.589455552523950432e-01 9.437564882377572628e-01
8.000000000000000000e+00 1.700000000000000000e+01 2.084124742303737898e-01 9.661089436047610723e-01 2.639481995287103477e-01 9.404922538972458890e-01
8.000000000000000000e+00 1.800000000000000000e+01 2.044578941617237466e-01 9.680211808372174431e-01 2.557228949226486026e-01 9.461953089782252357e-01
8.000000000000000000e+00 1.900000000000000000e+01 2.071231046659034181e-01 9.666271526504212064e-01 2.574847593536653823e-01 9.450843016066210467e-01
8.000000000000000000e+00 2.000000000000000000e+01 2.037853322617831364e-01 9.673947641627751448e-01 2.571660634198618123e-01 9.444776759401175559e-01
9.000000000000000000e+00 1.000000000000000000e+00 2.698847203426530394e-01 9.297987956477976601e-01 3.440164414152062089e-01 8.773350399040795722e-01
9.000000000000000000e+00 2.000000000000000000e+00 2.510689609470786454e-01 9.450095699904068614e-01 2.935753853964023774e-01 9.225855539869411981e-01
9.000000000000000000e+00 3.000000000000000000e+00 2.354741383266463484e-01 9.507525127827088918e-01 2.831771907962326029e-01 9.267608583532223054e-01
9.000000000000000000e+00 4.000000000000000000e+00 2.229628977436196868e-01 9.579438249159207830e-01 2.765716670227060803e-01 9.306013081314787883e-01
9.000000000000000000e+00 5.000000000000000000e+00 2.252647656066875392e-01 9.585097259403259073e-01 2.787013514957904503e-01 9.329501999652013433e-01
9.000000000000000000e+00 6.000000000000000000e+00 2.282301371320656913e-01 9.580043513958840240e-01 2.820659135885231206e-01 9.317171069519302185e-01
9.000000000000000000e+00 7.000000000000000000e+00 2.215505255336579493e-01 9.612479900878398986e-01 2.738836108810027703e-01 9.370815018757173709e-01
9.000000000000000000e+00 8.000000000000000000e+00 2.242551662277891544e-01 9.601724809305074437e-01 2.781677972622312311e-01 9.337750698220703693e-01
9.000000000000000000e+00 9.000000000000000000e+00 2.277837798407306158e-01 9.605138601288023548e-01 2.752945692557995372e-01 9.399592185562906099e-01
9.000000000000000000e+00 1.000000000000000000e+01 2.294155580630627411e-01 9.587857887164833448e-01 2.799393245046863932e-01 9.347054625221385971e-01
9.000000000000000000e+00 1.100000000000000000e+01 2.253710186007762684e-01 9.611206439654944589e-01 2.775460997003676433e-01 9.381896840896238876e-01
9.000000000000000000e+00 1.200000000000000000e+01 2.257360306545098949e-01 9.597177477409983837e-01 2.814920214223681216e-01 9.329187600240450573e-01
9.000000000000000000e+00 1.300000000000000000e+01 2.155317731708479012e-01 9.646237368361773035e-01 2.648058676098198339e-01 9.426781540769830769e-01
9.000000000000000000e+00 1.400000000000000000e+01 2.276190234374022014e-01 9.598874043717252613e-01 2.821669727385660575e-01 9.331972277324647180e-01
9.000000000000000000e+00 1.500000000000000000e+01 2.230555810273741335e-01 9.628393585442697189e-01 2.699691684405499115e-01 9.422487661191678576e-01
9.000000000000000000e+00 1.600000000000000000e+01 2.174423669369387746e-01 9.627375689466347586e-01 2.697083866570471056e-01 9.392496959540213020e-01
9.000000000000000000e+00 1.700000000000000000e+01 2.237539818995320506e-01 9.602672295918529555e-01 2.737255040216380331e-01 9.371768721530174817e-01
9.000000000000000000e+00 1.800000000000000000e+01 2.226728652039135781e-01 9.616531958953730141e-01 2.685475334584063734e-01 9.417525626247297277e-01
9.000000000000000000e+00 1.900000000000000000e+01 2.208092123045873045e-01 9.630852563260318133e-01 2.718466536100269115e-01 9.406790666394023726e-01
9.000000000000000000e+00 2.000000000000000000e+01 2.248092800087509169e-01 9.611190492884409409e-01 2.749818500842760027e-01 9.388307011582210926e-01
1.000000000000000000e+01 1.000000000000000000e+00 2.712700967205055602e-01 9.329222361431950272e-01 3.084583350515373024e-01 9.078115727903958154e-01
1.000000000000000000e+01 2.000000000000000000e+00 2.635329897984944880e-01 9.388225203658051576e-01 3.076922712697668372e-01 9.136851353014088239e-01
1.000000000000000000e+01 3.000000000000000000e+00 2.455565788028408469e-01 9.484832148822012199e-01 2.927819307275509875e-01 9.219551511086533369e-01
1.000000000000000000e+01 4.000000000000000000e+00 2.487635658442760578e-01 9.501847537159384682e-01 2.809938643242258505e-01 9.384443915753368781e-01
1.000000000000000000e+01 5.000000000000000000e+00 2.486756808385852946e-01 9.507733917751963748e-01 2.992774302101860462e-01 9.225842779708639529e-01
1.000000000000000000e+01 6.000000000000000000e+00 2.489961245051015293e-01 9.553300381870234448e-01 2.963547415584394940e-01 9.335605665681100396e-01
1.000000000000000000e+01 7.000000000000000000e+00 2.313782586521684614e-01 9.601519021334651294e-01 2.778888915060754861e-01 9.383974157645750269e-01
1.000000000000000000e+01 8.000000000000000000e+00 2.431423817929581899e-01 9.543821927924972526e-01 2.983628960668457952e-01 9.250257612551234798e-01
1.000000000000000000e+01 9.000000000000000000e+00 2.400678163163812162e-01 9.554545170001975674e-01 2.877212744795282773e-01 9.309036124433814896e-01
1.000000000000000000e+01 1.000000000000000000e+01 2.393444566707999266e-01 9.561250331974585626e-01 2.825201912215370981e-01 9.362617647086576289e-01
1.000000000000000000e+01 1.100000000000000000e+01 2.343295721137291232e-01 9.573780317624634995e-01 2.875670908562884542e-01 9.311564016441145064e-01
1.000000000000000000e+01 1.200000000000000000e+01 2.352896949881138067e-01 9.596061119611321022e-01 2.870234477158679076e-01 9.346236251517535676e-01
1.000000000000000000e+01 1.300000000000000000e+01 2.437965512660225376e-01 9.546792700980756274e-01 2.892830286739186962e-01 9.316933478844314775e-01
1.000000000000000000e+01 1.400000000000000000e+01 2.361728215469547087e-01 9.583922633681457581e-01 2.826425198212212386e-01 9.374488684314410403e-01
1.000000000000000000e+01 1.500000000000000000e+01 2.354117649923758160e-01 9.578586751967882451e-01 2.830970273618956257e-01 9.351688696094395681e-01
1.000000000000000000e+01 1.600000000000000000e+01 2.357290036540594380e-01 9.585301746972499926e-01 2.883915026194384112e-01 9.319918727342361153e-01
1.000000000000000000e+01 1.700000000000000000e+01 2.323526584362466119e-01 9.599472461067792839e-01 2.783805541499184133e-01 9.399254387174053038e-01
1.000000000000000000e+01 1.800000000000000000e+01 2.358510471949175069e-01 9.585766558120856207e-01 2.854540829798824508e-01 9.345650647015103507e-01
1.000000000000000000e+01 1.900000000000000000e+01 2.368286286251803374e-01 9.585562342900590949e-01 2.896113852215422835e-01 9.330665573056291517e-01
1.000000000000000000e+01 2.000000000000000000e+01 2.388943329307438579e-01 9.579080174066672004e-01 2.828849144124814252e-01 9.382793201975344610e-01
1.100000000000000000e+01 1.000000000000000000e+00 2.888365403076694760e-01 9.257381905941400868e-01 3.269304952449804680e-01 9.011530094824979908e-01
1.100000000000000000e+01 2.000000000000000000e+00 2.691910440133095106e-01 9.362587519495775279e-01 3.226711629331767139e-01 9.025432563080091342e-01
1.100000000000000000e+01 3.000000000000000000e+00 2.582192961290590283e-01 9.436523394991079838e-01 3.229155782438608568e-01 9.051345888885569124e-01
1.100000000000000000e+01 4.000000000000000000e+00 2.583394626090965707e-01 9.498885332915146806e-01 3.064688097435059877e-01 9.261137735598605758e-01
1.100000000000000000e+01 5.000000000000000000e+00 2.458420375385118317e-01 9.521014512555971976e-01 2.865415328892439994e-01 9.323280404972761337e-01
1.100000000000000000e+01 6.000000000000000000e+00 2.591527103973422230e-01 9.468186059546208622e-01 3.036380574687316813e-01 9.223343537199394371e-01
1.100000000000000000e+01 7.000000000000000000e+00 2.561904417507541720e-01 9.475605742969833711e-01 3.061122179379393571e-01 9.202642413116279840e-01
1.100000000000000000e+01 8.000000000000000000e+00 2.516968925111204847e-01 9.529303362786114562e-01 2.978113310298177163e-01 9.312814588961558782e-01
1.100000000000000000e+01 9.000000000000000000e+00 2.591813188258821343e-01 9.480708572284790581e-01 3.082834861400645110e-01 9.215254217587117713e-01
1.100000000000000000e+01 1.000000000000000000e+01 2.456753080042523851e-01 9.551190735378639607e-01 2.921705943680850681e-01 9.320843182030877916e-01
1.100000000000000000e+01 1.100000000000000000e+01 2.552338901103479718e-01 9.507699598069426772e-01 2.989982388073926800e-01 9.284423200663961540e-01
1.100000000000000000e+01 1.200000000000000000e+01 2.552065903752389064e-01 9.528531056808055011e-01 3.041491256541543620e-01 9.285124857872558701e-01
1.100000000000000000e+01 1.300000000000000000e+01 2.512879666497433995e-01 9.527354758665764756e-01 2.964806479620281099e-01 9.294830872036933256e-01
1.100000000000000000e+01 1.400000000000000000e+01 2.497806196426967940e-01 9.530824126642782890e-01 2.880111494337556644e-01 9.349159061536861381e-01
1.100000000000000000e+01 1.500000000000000000e+01 2.528116051534948783e-01 9.533345007134212956e-01 3.006666654451829457e-01 9.296278501062401611e-01
1.100000000000000000e+01 1.600000000000000000e+01 2.522888787487900797e-01 9.534636087009008554e-01 2.910010544234943874e-01 9.361055390944567067e-01
1.100000000000000000e+01 1.700000000000000000e+01 2.505205998234222298e-01 9.539888874488466897e-01 2.997041751134038035e-01 9.277193155392206014e-01
1.100000000000000000e+01 1.800000000000000000e+01 2.480953178752137722e-01 9.563339345800128122e-01 2.969980253671484216e-01 9.320982061553100273e-01
1.100000000000000000e+01 1.900000000000000000e+01 2.472945439323717132e-01 9.550604099237713918e-01 2.952016765948895505e-01 9.322207714739068063e-01
1.100000000000000000e+01 2.000000000000000000e+01 2.478544303239172131e-01 9.546544099258494898e-01 2.936699407985531307e-01 9.323624367251736045e-01
1.200000000000000000e+01 1.000000000000000000e+00 3.010521062626637101e-01 9.130991303857209918e-01 3.537593726158151930e-01 8.715361649677868527e-01
1.200000000000000000e+01 2.000000000000000000e+00 2.835433858609209268e-01 9.308783638677363692e-01 3.166289636474032831e-01 9.138383357068430302e-01
1.200000000000000000e+01 3.000000000000000000e+00 2.826147585508413940e-01 9.366150030042995622e-01 3.259015178367479226e-01 9.105898667620607734e-01
1.200000000000000000e+01 4.000000000000000000e+00 2.734707013138693021e-01 9.426161409487661125e-01 3.219866907132084011e-01 9.149116998373898468e-01
1.200000000000000000e+01 5.000000000000000000e+00 2.788616732881516458e-01 9.389522813126894851e-01 3.202138912927721126e-01 9.169528391968774228e-01
1.200000000000000000e+01 6.000000000000000000e+00 2.551847736003796108e-01 9.535637970250330220e-01 3.070098486752536049e-01 9.245414701388996459e-01
1.200000000000000000e+01 7.000000000000000000e+00 2.674915291997095323e-01 9.492343368106158641e-01 3.056363652757341787e-01 9.315352664077001243e-01
1.200000000000000000e+01 8.000000000000000000e+00 2.611725501451849230e-01 9.501328573395310118e-01 3.046417039392464998e-01 9.297246978589026600e-01
1.200000000000000000e+01 9.000000000000000000e+00 2.687427248873549557e-01 9.466308724825879262e-01 3.105453032440090300e-01 9.259969842782563854e-01
1.200000000000000000e+01 1.000000000000000000e+01 2.610626046889850671e-01 9.504803812590049139e-01 3.080066770841847212e-01 9.251153856387978047e-01
1.200000000000000000e+01 1.100000000000000000e+01 2.636632722741773516e-01 9.494730121650780674e-01 3.040269028665192885e-01 9.276305472764999616e-01
1.200000000000000000e+01 1.200000000000000000e+01 2.706184292217084231e-01 9.462996424698367770e-01 3.148623344991874351e-01 9.225503216168340348e-01
1.200000000000000000e+01 1.300000000000000000e+01 2.652604772987315895e-01 9.476214762356345300e-01 3.064471981269198397e-01 9.257570858338826092e-01
1.200000000000000000e+01 1.400000000000000000e+01 2.694451451911835105e-01 9.469038726341122425e-01 3.148789648986707324e-01 9.231533887619630674e-01
1.200000000000000000e+01 1.500000000000000000e+01 2.635352465912057518e-01 9.478380354561379839e-01 3.112569661161949108e-01 9.218036245457649214e-01
1.200000000000000000e+01 1.600000000000000000e+01 2.595842031533883154e-01 9.504441574077209243e-01 3.014018224973880611e-01 9.291587968437607925e-01
1.200000000000000000e+01 1.700000000000000000e+01 2.623064554323845665e-01 9.517558193304246350e-01 3.044275424290808774e-01 9.312174199370216732e-01
1.200000000000000000e+01 1.800000000000000000e+01 2.685954077226225811e-01 9.502139846415769142e-01 3.130186879324265981e-01 9.267154372877610680e-01
1.200000000000000000e+01 1.900000000000000000e+01 2.638217650100526668e-01 9.499051625389753895e-01 3.083187295161264885e-01 9.271994437269325262e-01
1.200000000000000000e+01 2.000000000000000000e+01 2.578063266929325748e-01 9.522428834509849560e-01 3.026478245861966010e-01 9.294229887675387047e-01
1.300000000000000000e+01 1.000000000000000000e+00 3.326638705425700171e-01 9.000355669885345966e-01 3.684495582944484204e-01 8.689607389669429249e-01
1.300000000000000000e+01 2.000000000000000000e+00 3.062951853451919559e-01 9.201050492544396997e-01 3.481510512140787439e-01 8.903436517658324112e-01
1.300000000000000000e+01 3.000000000000000000e+00 2.925291948942051468e-01 9.284533918929213092e-01 3.300427909323058739e-01 9.026244885653882388e-01
1.300000000000000000e+01 4.000000000000000000e+00 2.788336398351414225e-01 9.380975174603686240e-01 3.157900805593321647e-01 9.179886768209973846e-01
1.300000000000000000e+01 5.000000000000000000e+00 2.757549303152028730e-01 9.417835777740207748e-01 3.122836355195276470e-01 9.234118955762203873e-01
1.300000000000000000e+01 6.000000000000000000e+00 2.868990763392265664e-01 9.370779612766776401e-01 3.302695530959588455e-01 9.119778404642026048e-01
1.300000000000000000e+01 7.000000000000000000e+00 2.810849163984024957e-01 9.407251244584465821e-01 3.269269805362419179e-01 9.160522205690306841e-01
1.300000000000000000e+01 8.000000000000000000e+00 2.915477006791319381e-01 9.380529414183359505e-01 3.314570860490100856e-01 9.141757578181693988e-01
1.300000000000000000e+01 9.000000000000000000e+00 2.824659623349323745e-01 9.421420155696386134e-01 3.269245079548425137e-01 9.174924605295987634e-01
1.300000000000000000e+01 1.000000000000000000e+01 2.818002904682146426e-01 9.423862573734955728e-01 3.257109766713653376e-01 9.188428273803158630e-01
1.300000000000000000e+01 1.100000000000000000e+01 2.790087036517288066e-01 9.438762486742912072e-01 3.277202094143628619e-01 9.142458743745858207e-01
1.300000000000000000e+01 1.200000000000000000e+01 2.820954612217124735e-01 9.450802342911218679e-01 3.286308650662826403e-01 9.207605365637722139e-01
1.300000000000000000e+01 1.300000000000000000e+01 2.811250082868323452e-01 9.451043645686719730e-01 3.240839087736218649e-01 9.212703675012635651e-01
1.300000000000000000e+01 1.400000000000000000e+01 2.793797014209574714e-01 9.429293346619763705e-01 3.180084112294737642e-01 9.224863602555807285e-01
1.300000000000000000e+01 1.500000000000000000e+01 2.767603608156287698e-01 9.447149813271943364e-01 3.175555346229470555e-01 9.232011869001014448e-01
1.300000000000000000e+01 1.600000000000000000e+01 2.756634654317415833e-01 9.462363951393611972e-01 3.191564231759199122e-01 9.233978735924379677e-01
1.300000000000000000e+01 1.700000000000000000e+01 2.807221802559872748e-01 9.423637005557338187e-01 3.253174577592957140e-01 9.164728953314653648e-01
1.300000000000000000e+01 1.800000000000000000e+01 2.836281182105053200e-01 9.417069223168930137e-01 3.260614787663600467e-01 9.175893747120670296e-01
1.300000000000000000e+01 1.900000000000000000e+01 2.730504634633207361e-01 9.471141191051424268e-01 3.156079694768114674e-01 9.246566315414259662e-01
1.300000000000000000e+01 2.000000000000000000e+01 2.783126786987193402e-01 9.442148676918141748e-01 3.189875037614440245e-01 9.227156187918863495e-01
1.400000000000000000e+01 1.000000000000000000e+00 3.489204063416311286e-01 8.808585345063436600e-01 3.846118734990695009e-01 8.504887834531880131e-01
1.400000000000000000e+01 2.000000000000000000e+00 2.979555838279789315e-01 9.303320306361864134e-01 3.370900384977772446e-01 9.066221445218561881e-01
1.400000000000000000e+01 3.000000000000000000e+00 2.935977443445328405e-01 9.396473036327964712e-01 3.329256739080651006e-01 9.151243459339674091e-01
1.400000000000000000e+01 4.000000000000000000e+00 2.905733599799501521e-01 9.362743670523154815e-01 3.220315249905899013e-01 9.197411618692783453e-01
1.400000000000000000e+01 5.000000000000000000e+00 2.973626664658735597e-01 9.327281534085530845e-01 3.359890328483410293e-01 9.121310479586938191e-01
1.400000000000000000e+01 6.000000000000000000e+00 2.921039458165989311e-01 9.421676201791224781e-01 3.352989052869557729e-01 9.150865205083128506e-01
1.400000000000000000e+01 7.000000000000000000e+00 2.967757443558011188e-01 9.393426078647511002e-01 3.376239485709550681e-01 9.148137294235852979e-01
1.400000000000000000e+01 8.000000000000000000e+00 3.012810210823848034e-01 9.335452559088756042e-01 3.436335925569682925e-01 9.081627270519946338e-01
1.400000000000000000e+01 9.000000000000000000e+00 2.879059938482937397e-01 9.398162603656821101e-01 3.306712202148974766e-01 9.160495550711083013e-01
1.400000000000000000e+01 1.000000000000000000e+01 2.981819237177053550e-01 9.391672911146559111e-01 3.378525100343141574e-01 9.179006423463926811e-01
1.400000000000000000e+01 1.100000000000000000e+01 3.017874095655027622e-01 9.291868913660558116e-01 3.489198704150440755e-01 8.982187122964361281e-01
1.400000000000000000e+01 1.200000000000000000e+01 2.900441013840973081e-01 9.401449802169192793e-01 3.314476309145579780e-01 9.170609317208148203e-01
1.400000000000000000e+01 1.300000000000000000e+01 2.968651930584624288e-01 9.358512412166721806e-01 3.410521996072305995e-01 9.095553019874969003e-01
1.400000000000000000e+01 1.400000000000000000e+01 2.959756566192226490e-01 9.393560789437990222e-01 3.428738239605974569e-01 9.105752473264537850e-01
1.400000000000000000e+01 1.500000000000000000e+01 2.945609043197917054e-01 9.381282370524826053e-01 3.374928277092312245e-01 9.133590645702214239e-01
1.400000000000000000e+01 1.600000000000000000e+01 2.953489693611265343e-01 9.376386465032719997e-01 3.353043418488764194e-01 9.166346104941803796e-01
1.400000000000000000e+01 1.700000000000000000e+01 2.909797790067403245e-01 9.423199923576588422e-01 3.321980975244126499e-01 9.192929503162050597e-01
1.400000000000000000e+01 1.800000000000000000e+01 2.945504522263748259e-01 9.378478087275335939e-01 3.370066797549179927e-01 9.126265287509555124e-01
1.400000000000000000e+01 1.900000000000000000e+01 2.934309132987492075e-01 9.382638890346325367e-01 3.357635731157512238e-01 9.132909267358579886e-01
1.400000000000000000e+01 2.000000000000000000e+01 2.938255698691716322e-01 9.422450321510698057e-01 3.320200370492957798e-01 9.196996176532155065e-01
1.500000000000000000e+01 1.000000000000000000e+00 3.580846022219714153e-01 8.765327528483954911e-01 4.017915859285297042e-01 8.358517465789092604e-01
1.500000000000000000e+01 2.000000000000000000e+00 3.291452894564607101e-01 9.148904366501005025e-01 3.646779910369412625e-01 8.920001816196366784e-01
1.500000000000000000e+01 3.000000000000000000e+00 3.241104027052894021e-01 9.124988871148788094e-01 3.667070046579233300e-01 8.828127970579160433e-01
1.500000000000000000e+01 4.000000000000000000e+00 3.247408198514549205e-01 9.207878483853331186e-01 3.735558254928930122e-01 8.856235694326508590e-01
1.500000000000000000e+01 5.000000000000000000e+00 3.226950446092206048e-01 9.220093261055107847e-01 3.624285594120346121e-01 8.996990223744764092e-01
1.500000000000000000e+01 6.000000000000000000e+00 3.026761496547055730e-01 9.327060982503957431e-01 3.473610632767666906e-01 9.047292459800175823e-01
1.500000000000000000e+01 7.000000000000000000e+00 3.075019505066838854e-01 9.287477011641427360e-01 3.566347768565776843e-01 8.949725066213677360e-01
1.500000000000000000e+01 8.000000000000000000e+00 3.151023284832675242e-01 9.268573244087290330e-01 3.614194773503766056e-01 8.919139753004816651e-01
1.500000000000000000e+01 9.000000000000000000e+00 3.050142834596590302e-01 9.366656243688373795e-01 3.467207944795904218e-01 9.102846282295236069e-01
1.500000000000000000e+01 1.000000000000000000e+01 3.014773658186323813e-01 9.351003149097136813e-01 3.420093715908025800e-01 9.103319522373406469e-01
1.500000000000000000e+01 1.100000000000000000e+01 3.069104887650336289e-01 9.322322119278929620e-01 3.513301343795954823e-01 9.042020124403425951e-01
1.500000000000000000e+01 1.200000000000000000e+01 3.074790031024090542e-01 9.318314250563203283e-01 3.444476967299652248e-01 9.104678584843478584e-01
1.500000000000000000e+01 1.300000000000000000e+01 3.099579003471990557e-01 9.324977354550473274e-01 3.530184832935713279e-01 9.051897657924753426e-01
1.500000000000000000e+01 1.400000000000000000e+01 3.037883857102349761e-01 9.373223642609782580e-01 3.463146440945010229e-01 9.109440328092127670e-01
1.500000000000000000e+01 1.500000000000000000e+01 3.049959025679004343e-01 9.350163373702145009e-01 3.481634277124198151e-01 9.074351859671476728e-01
1.500000000000000000e+01 1.600000000000000000e+01 3.076627180191258137e-01 9.345851554719635246e-01 3.536050508394599223e-01 9.023955261606698697e-01
1.500000000000000000e+01 1.700000000000000000e+01 3.074631849795241845e-01 9.356190731706451880e-01 3.448786600963379967e-01 9.138910191229216995e-01
1.500000000000000000e+01 1.800000000000000000e+01 3.104232401084778270e-01 9.329398993924571393e-01 3.523038261805959137e-01 9.051095774768228575e-01
1.500000000000000000e+01 1.900000000000000000e+01 3.097334248498476716e-01 9.316433706834156281e-01 3.539262127022708149e-01 9.031682081740024515e-01
1.500000000000000000e+01 2.000000000000000000e+01 3.075196399003766179e-01 9.335978167617399182e-01 3.512060796308366095e-01 9.050406968414774767e-01
1.600000000000000000e+01 1.000000000000000000e+00 3.480937310062207080e-01 8.939892918600161886e-01 4.007898746719469885e-01 8.437153400883757870e-01
1.600000000000000000e+01 2.000000000000000000e+00 3.368641315514175338e-01 9.084546745265046352e-01 3.678297850975364991e-01 8.949991464814707198e-01
1.600000000000000000e+01 3.000000000000000000e+00 3.428771067341122580e-01 9.027155131815920441e-01 3.852220557541133350e-01 8.678759592925556765e-01
1.600000000000000000e+01 4.000000000000000000e+00 3.166557197208149099e-01 9.281463195669631405e-01 3.638583124881675235e-01 8.924748463616666294e-01
1.600000000000000000e+01 5.000000000000000000e+00 3.239149027548129389e-01 9.256513273039953527e-01 3.609654110141384264e-01 9.012232648602185314e-01
1.600000000000000000e+01 6.000000000000000000e+00 3.201169007268884203e-01 9.264770470597427643e-01 3.696162312436233055e-01 8.907875279651128464e-01
1.600000000000000000e+01 7.000000000000000000e+00 3.197704850975094937e-01 9.318216804008021548e-01 3.595556823413394998e-01 9.070600456173943948e-01
1.600000000000000000e+01 8.000000000000000000e+00 3.238366605736038850e-01 9.262115977523727173e-01 3.658454592962196439e-01 8.951728304383098633e-01
1.600000000000000000e+01 9.000000000000000000e+00 3.183312562995425643e-01 9.269103257627656633e-01 3.679158370024638303e-01 8.911710197264953726e-01
1.600000000000000000e+01 1.000000000000000000e+01 3.260603221164803944e-01 9.252245840850655823e-01 3.694748359764414847e-01 8.944357567189992197e-01
1.600000000000000000e+01 1.100000000000000000e+01 3.236028492172041138e-01 9.278000548537335135e-01 3.626416875613119317e-01 9.049495538465979205e-01
1.600000000000000000e+01 1.200000000000000000e+01 3.206037622245130336e-01 9.319355998230269833e-01 3.647212577743353390e-01 9.028532659819870076e-01
1.600000000000000000e+01 1.300000000000000000e+01 3.135307488070074311e-01 9.305333223018555922e-01 3.562393631172511843e-01 9.012773648814061955e-01
1.600000000000000000e+01 1.400000000000000000e+01 3.210015132536362947e-01 9.287069986319904658e-01 3.599009333125420818e-01 9.044777599850087890e-01
1.600000000000000000e+01 1.500000000000000000e+01 3.259227846302959475e-01 9.251827842909158273e-01 3.743136144357248063e-01 8.886018162518311003e-01
1.600000000000000000e+01 1.600000000000000000e+01 3.241266598521123088e-01 9.248534207115146621e-01 3.717380610934415408e-01 8.889956135855348052e-01
1.600000000000000000e+01 1.700000000000000000e+01 3.169849639482443249e-01 9.320525950354251465e-01 3.555377074410112082e-01 9.064110337630790770e-01
1.600000000000000000e+01 1.800000000000000000e+01 3.213483796925569180e-01 9.268640197720734442e-01 3.592783711184099893e-01 9.026601598733918763e-01
1.600000000000000000e+01 1.900000000000000000e+01 3.214139249977918111e-01 9.308888083764863541e-01 3.602769363795534363e-01 9.069265156819531493e-01
1.600000000000000000e+01 2.000000000000000000e+01 3.194421594399243780e-01 9.281595188448509282e-01 3.606947957301261942e-01 8.991796620734529011e-01
1.700000000000000000e+01 1.000000000000000000e+00 3.620521437337228532e-01 8.813454418884482111e-01 4.061090848063963477e-01 8.376117453757664366e-01
1.700000000000000000e+01 2.000000000000000000e+00 3.513267759782340294e-01 8.908972981121087154e-01 4.105603015585678195e-01 8.360551355649704641e-01
1.700000000000000000e+01 3.000000000000000000e+00 3.415883791365966204e-01 9.147746354432333415e-01 3.822185610991549742e-01 8.810346219446751892e-01
1.700000000000000000e+01 4.000000000000000000e+00 3.415710571509069648e-01 9.154397642226019816e-01 3.802505948847754724e-01 8.838247341930263179e-01
1.700000000000000000e+01 5.000000000000000000e+00 3.307684455316116101e-01 9.225820611503915414e-01 3.579072090170141163e-01 9.097282659344397837e-01
1.700000000000000000e+01 6.000000000000000000e+00 3.371268908887070648e-01 9.175294988183938516e-01 3.842131492747827282e-01 8.785042854445423988e-01
1.700000000000000000e+01 7.000000000000000000e+00 3.402525360912311836e-01 9.135687014115488891e-01 3.803535154311877275e-01 8.856921955686390957e-01
1.700000000000000000e+01 8.000000000000000000e+00 3.450904465647553487e-01 9.098432112021248575e-01 3.850806307515269311e-01 8.810512805379843160e-01
1.700000000000000000e+01 9.000000000000000000e+00 3.426643123768149946e-01 9.187575596596300187e-01 3.813704930695585027e-01 8.905773469557165534e-01
1.700000000000000000e+01 1.000000000000000000e+01 3.410240035724674823e-01 9.129451766493320575e-01 3.845019681611941964e-01 8.776530092159189334e-01
1.700000000000000000e+01 1.100000000000000000e+01 3.384031012694391216e-01 9.221164965166016581e-01 3.741122907736760816e-01 8.976686593112315204e-01
1.700000000000000000e+01 1.200000000000000000e+01 3.301430838548323754e-01 9.244470939359722417e-01 3.701360798277658626e-01 8.961559069039988223e-01
1.700000000000000000e+01 1.300000000000000000e+01 3.353354845598307543e-01 9.214690315468728743e-01 3.777202285238422941e-01 8.900106007671427788e-01
1.700000000000000000e+01 1.400000000000000000e+01 3.327266392217362867e-01 9.225110038323703909e-01 3.742178707920033043e-01 8.935034673985489118e-01
1.700000000000000000e+01 1.500000000000000000e+01 3.380063121687679750e-01 9.170068311979113762e-01 3.774663166039362583e-01 8.905046827123889175e-01
1.700000000000000000e+01 1.600000000000000000e+01 3.372466653684887961e-01 9.215455586818684930e-01 3.775399117666380921e-01 8.936269454532310696e-01
1.700000000000000000e+01 1.700000000000000000e+01 3.312966098183481312e-01 9.240413263183349102e-01 3.746156175128508847e-01 8.939331536788287513e-01
1.700000000000000000e+01 1.800000000000000000e+01 3.333238606297883599e-01 9.237951061977237588e-01 3.723543378507116475e-01 8.975702240655846209e-01
1.700000000000000000e+01 1.900000000000000000e+01 3.339023565425570661e-01 9.218364987956249035e-01 3.728727387464166876e-01 8.957420455634023115e-01
1.700000000000000000e+01 2.000000000000000000e+01 3.310319229053508838e-01 9.280186639236642776e-01 3.707406913378735180e-01 9.003641689394152881e-01
1.800000000000000000e+01 1.000000000000000000e+00 3.603222449379496761e-01 8.863032572280077348e-01 4.017238555436361547e-01 8.505792571120833756e-01
1.800000000000000000e+01 2.000000000000000000e+00 3.423876393581348210e-01 9.080636545237305013e-01 3.831167960177445653e-01 8.766128091961303825e-01
1.800000000000000000e+01 3.000000000000000000e+00 3.396968538193696485e-01 9.148235197665032237e-01 3.893229405607477878e-01 8.758110968814935005e-01
1.800000000000000000e+01 4.000000000000000000e+00 3.515649018941971460e-01 9.074902751457543104e-01 3.862621853726408427e-01 8.802130764965164778e-01
1.800000000000000000e+01 5.000000000000000000e+00 3.565338857349051871e-01 9.024158733771825425e-01 4.013954398870650531e-01 8.647856653175107766e-01
1.800000000000000000e+01 6.000000000000000000e+00 3.564053265967373485e-01 9.093845258265825793e-01 3.882802397902310743e-01 8.850083439555217479e-01
1.800000000000000000e+01 7.000000000000000000e+00 3.515517646458491408e-01 9.094116802042171432e-01 3.951245578020144977e-01 8.725279837409588568e-01
1.800000000000000000e+01 8.000000000000000000e+00 3.500481744055675692e-01 9.106052352515225934e-01 3.911767689192197084e-01 8.775469209223116795e-01
1.800000000000000000e+01 9.000000000000000000e+00 3.563296732410370371e-01 9.006568695914951572e-01 3.941779910804748543e-01 8.689800610178738394e-01
1.800000000000000000e+01 1.000000000000000000e+01 3.439125545048274391e-01 9.144337642413530309e-01 3.817960472387325055e-01 8.851553790401761601e-01
1.800000000000000000e+01 1.100000000000000000e+01 3.495407456164353333e-01 9.132442524894481828e-01 3.868748591197719855e-01 8.852439639665454774e-01
1.800000000000000000e+01 1.200000000000000000e+01 3.415313303110308341e-01 9.179143210819841192e-01 3.852164541865087943e-01 8.845600664645709710e-01
1.800000000000000000e+01 1.300000000000000000e+01 3.458230459948220537e-01 9.182643013121644104e-01 3.885174174533082558e-01 8.837240734886359084e-01
1.800000000000000000e+01 1.400000000000000000e+01 3.515320014561392759e-01 9.120210838113146368e-01 3.891272766764215518e-01 8.850346683579991547e-01
1.800000000000000000e+01 1.500000000000000000e+01 3.560219790961033914e-01 9.068726544538726619e-01 3.950635819100987711e-01 8.753565076240480414e-01
1.800000000000000000e+01 1.600000000000000000e+01 3.401627583029826485e-01 9.217883295878003258e-01 3.762850895043912125e-01 8.955588400149242512e-01
1.800000000000000000e+01 1.700000000000000000e+01 3.406012782200787403e-01 9.210808039852678153e-01 3.784303512913704259e-01 8.936444621684657141e-01
1.800000000000000000e+01 1.800000000000000000e+01 3.512046342131723287e-01 9.116231633648215205e-01 3.883590761429507321e-01 8.819651334477666138e-01
1.800000000000000000e+01 1.900000000000000000e+01 3.463758428990668659e-01 9.143585949193012707e-01 3.857194531824025829e-01 8.852791592203500537e-01
1.800000000000000000e+01 2.000000000000000000e+01 3.493058292072301896e-01 9.138048481526882538e-01 3.888950221768065485e-01 8.844032561151250471e-01
1.900000000000000000e+01 1.000000000000000000e+00 3.732938841024157073e-01 8.898032211522726165e-01 4.066716133516727893e-01 8.559861303227677132e-01
1.900000000000000000e+01 2.000000000000000000e+00 3.645517170646333516e-01 8.990517723569654285e-01 3.979413397844667744e-01 8.680989343680560744e-01
1.900000000000000000e+01 3.000000000000000000e+00 3.447252231168741465e-01 9.141832197153301198e-01 3.828773378968454710e-01 8.822758611422777397e-01
1.900000000000000000e+01 4.000000000000000000e+00 3.691616128309493372e-01 9.008698597392504892e-01 4.004352508006603362e-01 8.738269825352942277e-01
1.900000000000000000e+01 5.000000000000000000e+00 3.681477148461802518e-01 9.002276357263925277e-01 4.034223233033213951e-01 8.683897586605106023e-01
1.900000000000000000e+01 6.000000000000000000e+00 3.686869735096874878e-01 8.926479311157556884e-01 4.110789295448726843e-01 8.596035607658941702e-01
1.900000000000000000e+01 7.000000000000000000e+00 3.625185788727808833e-01 9.078438094506693368e-01 3.917906050573039534e-01 8.887430133353403372e-01
1.900000000000000000e+01 8.000000000000000000e+00 3.599981728134602488e-01 9.078703708762758673e-01 4.032113065748695324e-01 8.723887771113866263e-01
1.900000000000000000e+01 9.000000000000000000e+00 3.590342928384330223e-01 9.117815368286628086e-01 3.954668350720003667e-01 8.864836548785961501e-01
1.900000000000000000e+01 1.000000000000000000e+01 3.608657912783211352e-01 9.120720122814797159e-01 3.988300032862132638e-01 8.807835186494940016e-01
1.900000000000000000e+01 1.100000000000000000e+01 3.546897111467440245e-01 9.107423185334391214e-01 3.939206048802942339e-01 8.801837695749168411e-01
1.900000000000000000e+01 1.200000000000000000e+01 3.672467463453760739e-01 9.020698600115323318e-01 4.094140688113157567e-01 8.648795567127616213e-01
1.900000000000000000e+01 1.300000000000000000e+01 3.602688988633288014e-01 9.110469093575408461e-01 4.037650417073512799e-01 8.757492381514485613e-01
1.900000000000000000e+01 1.400000000000000000e+01 3.586332468888395186e-01 9.066699829232566232e-01 3.964689649328735910e-01 8.787580554581516656e-01
1.900000000000000000e+01 1.500000000000000000e+01 3.647932225594837652e-01 9.057022752371032270e-01 4.012571767482280838e-01 8.767284965496026095e-01
1.900000000000000000e+01 1.600000000000000000e+01 3.546459788667731261e-01 9.167131278265329142e-01 3.947484518790264629e-01 8.862575049622259948e-01
1.900000000000000000e+01 1.700000000000000000e+01 3.559084927609209581e-01 9.111539012908129731e-01 3.940112170096883859e-01 8.810792825916872184e-01
1.900000000000000000e+01 1.800000000000000000e+01 3.619256351901845581e-01 9.064900530907007425e-01 4.051535775029289077e-01 8.707524015019266761e-01
1.900000000000000000e+01 1.900000000000000000e+01 3.601594551958279267e-01 9.120243742501583650e-01 3.988984188712868528e-01 8.841812776004820407e-01
1.900000000000000000e+01 2.000000000000000000e+01 3.584346146235905528e-01 9.113927936082019121e-01 4.004498045404105699e-01 8.755132761961565979e-01
2.000000000000000000e+01 1.000000000000000000e+00 3.919628819217463311e-01 8.647390235737374420e-01 4.325801267712101050e-01 8.310442925849017559e-01
2.000000000000000000e+01 2.000000000000000000e+00 3.752180137098300450e-01 8.857500006874265974e-01 4.146267274011274928e-01 8.534837872452482044e-01
2.000000000000000000e+01 3.000000000000000000e+00 3.827013664046102770e-01 8.840668469611605573e-01 4.104494838261605327e-01 8.626281091820988678e-01
2.000000000000000000e+01 4.000000000000000000e+00 3.838498780962441015e-01 8.820785515295268553e-01 4.243565329290424626e-01 8.453007191770078865e-01
2.000000000000000000e+01 5.000000000000000000e+00 3.738905846821018453e-01 8.953270375510817836e-01 4.122800400868302795e-01 8.622735004486806742e-01
2.000000000000000000e+01 6.000000000000000000e+00 3.722582156783006968e-01 9.002637706996940992e-01 4.150161086584258086e-01 8.586135019222945752e-01
2.000000000000000000e+01 7.000000000000000000e+00 3.782264377307528735e-01 8.934556952626108162e-01 4.130330386909863427e-01 8.664111993356762298e-01
2.000000000000000000e+01 8.000000000000000000e+00 3.751655432489679476e-01 8.946187837668464482e-01 4.119334142500354901e-01 8.656551460645602880e-01
2.000000000000000000e+01 9.000000000000000000e+00 3.673778607870640811e-01 9.057926027986843431e-01 4.075439794523413317e-01 8.702155101835179485e-01
2.000000000000000000e+01 1.000000000000000000e+01 3.662564044111654704e-01 9.061832205167494880e-01 4.069208120089594649e-01 8.706745651970879685e-01
2.000000000000000000e+01 1.100000000000000000e+01 3.718726080394043620e-01 8.968801555407204251e-01 4.112097996436988034e-01 8.621221806768974982e-01
2.000000000000000000e+01 1.200000000000000000e+01 3.720386497559223793e-01 9.026629264569987487e-01 4.142534593601821524e-01 8.647011366569441471e-01
2.000000000000000000e+01 1.300000000000000000e+01 3.695573316881839432e-01 9.048496050954084602e-01 4.104973804899615941e-01 8.701230267016215603e-01
2.000000000000000000e+01 1.400000000000000000e+01 3.678194280823096074e-01 9.047784302732110318e-01 4.061535685437765442e-01 8.718496210657872281e-01
2.000000000000000000e+01 1.500000000000000000e+01 3.736392320871014250e-01 9.063186537053291580e-01 4.151484755195041232e-01 8.707350213685908225e-01
2.000000000000000000e+01 1.600000000000000000e+01 3.685483043042726559e-01 9.046420035848777852e-01 4.117552110329090187e-01 8.677495524692807605e-01
2.000000000000000000e+01 1.700000000000000000e+01 3.680702491220585459e-01 9.082882908482846629e-01 4.075152382394920392e-01 8.773532546466259463e-01
2.000000000000000000e+01 1.800000000000000000e+01 3.684759392154576818e-01 9.064118811309196388e-01 4.046653869504987511e-01 8.762698601217916439e-01
2.000000000000000000e+01 1.900000000000000000e+01 3.665114718372833313e-01 9.065412229566842672e-01 4.052960049777377671e-01 8.745800001747887631e-01
2.000000000000000000e+01 2.000000000000000000e+01 3.699916790769203767e-01 9.027136787731726564e-01 4.093470791324047009e-01 8.691097882297286192e-01
