36,0.019743750000000004
41,0.0466509375
60,0.044318390624999995
66,0.1565768141112305
71,0.2087997126687598
76,0.1983597270353218
79,0.18844174068355568
86,0.24278593781611602
98,0.2306466409253103
109,0.3085636010357844
110,0.29313542098399514
120,0.3730840103526103
123,0.4487611847520032
127,0.4263231255144033
136,0.4988552438039493
171,0.4739124816137519
177,0.5664457987285436
184,0.6485410029278222
199,0.616113952781431
204,0.6928730155277449
215,0.6582293647513584
216,0.7275044188799065
223,0.790741128092364
226,0.845835405336377
248,0.978848180653646
325,1.0881181240106024
331,1.1138049519282678
337,1.1342028017441397
342,1.0774926616569314
357,1.0959017211157551
364,1.1097761429745567
368,1.12541251607664
394,1.138480910735158
402,1.0815568651984009
416,1.027479021938479
420,1.0482156447967697
425,0.9958048625569305
436,0.9460146194290857
439,0.9698897883373796
444,1.0556590997443713
470,1.0650161859076839
483,1.074148163478668
485,1.0816677264016725
494,1.0857499626236802
509,1.09009084475462
516,1.1441953769524815
521,1.1864485210208144
534,1.1271260949697748
539,1.0707697902212914
556,1.065270394801658
558,1.0588195287957944
572,1.0503505734035201
591,0.9978330447333477
608,1.0333520335821547
620,0.981684431903048
665,0.9742404350295288
684,0.9654475620776353
686,0.9171751839737539
722,0.8713164247750669
726,0.827750603536316
743,0.8252643543032292
761,0.784001136588067
773,0.7448010797586662
791,1.379744000252927
799,0.6385738257580869
808,0.6066451344701775
832,0.6150427752271952
838,0.6214843741501923
840,0.6259294895288576
844,0.5946330150524162
864,0.5989879689690483
876,0.5690385705205898
881,0.5734220567569892
882,0.5447509539191415
886,0.5487070502474864
889,0.5510418597992341
892,0.52348976680927
913,0.5257263226587057
914,0.5269866386958171
915,0.5006373067610284
917,0.475605441422978
926,0.45182516935182804
938,0.42923391088423557
956,0.43421282775378245
1012,0.4383704235318149
1013,0.4164519023552202
1031,0.4203676094733808
1036,0.3993492289997107
1048,0.37938176754973085
1050,0.384076453127733
1057,0.3873532157290782
1094,0.44734637612117467
1150,0.4425351287414543
1190,0.43728536421383524
1203,0.4467131520969758
1224,0.4388644773579813
1228,0.4169212534900879
1251,0.4098893241762198
1268,0.4025299085745928
1288,0.382403413145866
1306,0.38769011111587304
1308,0.3796099554710253
1332,0.37137165013572826
1339,0.3630189351323736
1355,0.35457306250401643
1357,0.6748298652966156
1406,0.31232510432317895
1409,0.3054940733381244
1423,0.2985653326907567
1425,0.2836370660562295
1437,0.2694552127534138
1442,0.2559824521157452
1447,0.2431833295099608
1464,0.23102416303446205
1465,0.21947295488273255
1476,0.2239660003298809
1497,0.21276770031339254
1502,0.20212931529772504
1525,0.19918370109627404
1533,0.18922451604146318
1549,0.18657015792753384
1594,0.17724165003116354
1597,0.16837956752959826
1599,0.15996058915312972
1618,0.158431631784552
1639,0.15051005019533648
1641,0.14298454768555757
1642,0.1419821817177791
1649,0.14072259097757467
1653,0.13368646142869522
1691,0.1325496807856439
1747,0.12592219674635885
1764,0.12489763817941935
1783,0.1186527562704498
1800,0.1127201184569202
1801,0.10708411253408201
1806,0.10673992896650475
1829,0.1061626553462105
1836,0.10537625926551186
1860,0.10010744630224622
1862,0.09510207398712112
1888,0.09464377718697392
1909,0.09399426444304027
1933,0.08929455122088825
1939,0.08870888756213446
1941,0.0842734431840313
1952,0.08724573690383863
1955,0.08288345005864528
1969,0.08206516233715888
1970,0.08112162882480334
1978,0.07706554738355464
1980,0.07621412937970717
2004,0.07525529850221346
2016,0.07420195954701114
2023,0.07306597698820383
2028,0.06941267813878937
2037,0.06594204423184635
2038,0.06264494202025617
2088,0.05951269491924904
2096,0.05898260075041151
2160,0.06266068928984225
2162,0.06341238022724838
2172,0.06024176121589164
2190,0.05722967315509209
2204,0.05616613563303474
2209,0.055065906455212144
2215,0.052312611132464326
2217,0.04969698057583116
2220,0.04883480527068684
2239,0.047934618362248216
2261,0.04700236313146888
2269,0.04465224497489828
2284,0.04381092071821513
2290,0.04162037468231006
2331,0.03953935594819313
2333,0.03756238815078916
2339,0.03700605778017518
2340,0.03515575489116429
2346,0.0663817502923365
2368,0.033660818164960915
2378,0.03197777725671358
2384,0.03145552532480167
2386,0.029882749058558034
2389,0.028388611605620895
2393,0.026969181025350508
2399,0.02562072197407872
2401,0.024339685875375494
2405,0.023122701581598903
2409,0.022989377448340065
2414,0.02281158454282206
2419,0.022594097484230247
2434,0.022341335460097866
2444,0.02205737872976954
2474,0.02249785045604824
2482,0.022087253842627774
2490,0.02291855136067511
2491,0.021772623792642776
2500,0.020683992603011347
2518,0.019649792972856517
2520,0.019249112519844402
2525,0.01828665689384934
2534,0.017372324049148347
2565,0.016503707846695193
2567,0.016231244524192334
2574,0.015944771431620097
2606,0.01564638115051764
2611,0.015337967968946487
2612,0.014571069570493478
2618,0.014292726674128176
2642,0.013578090340416793
2658,0.012899185823400217
2663,0.01225422653223518
2686,0.012069230931487596
2697,0.01187210086909829
2702,0.011664510735613476
2720,0.011081285198827118
2728,0.010893939289061905
2744,0.010349242324608099
2745,0.010180166229744714
2746,0.009671157918248241
2750,0.009518566742642065
2753,0.009357056789795593
2754,0.00918790141537329
2756,0.00872850634461031
2757,0.008292081027377662
2781,0.008161239567826328
2796,0.008022756053350122
2807,0.007621618250681195
2826,0.007496640138256794
2848,0.007365108446251156
2874,0.007227991839656056
2898,0.006866592247675385
2903,0.006742847776791905
2912,0.006614311516088378
2913,0.012253012083561998
2936,0.00567094533610657
2943,0.005773841802025004
2952,0.0054851497119301484
2958,0.005389746720339872
2978,0.005451589282714053
2983,0.005179009818576219
2989,0.004920059327659487
3004,0.004674056361267276
3006,0.004440353543202491
3009,0.004218335866042366
3023,0.004007419072749485
3030,0.003960395127037941
3075,0.004177926695675183
3106,0.004212590416742046
3115,0.004221773921216254
3124,0.00401068522515402
3180,0.004100347208478183
3185,0.0038953298480493004
3195,0.003700563355650388
3204,0.0036027599538641653
3214,0.003505485528719987
3239,0.0033302112522903826
3241,0.003163700689668758
3248,0.0030055156551895834
3287,0.0029339604244142947
3291,0.0028620469952471694
3306,0.002718944645494048
3342,0.0025829974132136613
3378,0.002592386526032442
3379,0.002526885917845334
3382,0.0024005416219523568
3397,0.0023414273391324514
3413,0.0022822231458263786
3417,0.0021681119885386124
3422,0.0020597063891045764
3428,0.00201169489912445
3435,0.0020129492256870662
3451,0.002004211526454469
3493,0.0019465387392330058
3502,0.0018492118022805926
3506,0.001797162111827788
3521,0.0017073040062314249
3540,0.001621938805925538
3553,0.0015792322687531168
3604,0.0016043039229742817
3647,0.0015553579961249397
3650,0.0014775900963286404
3659,0.0014037105915036818
3664,0.0013632308933324566
3684,0.0013232898914452562
3703,0.0012571253968758356
3733,0.0011942691270263595
3763,0.001134555670674331
3795,0.001130106507375217
3804,0.0010736011820142721
3805,0.001019921122903611
3847,9.931206903388556E-4
3866,9.434646558190707E-4
3926,9.411138292136911E-4
3927,9.148028691043919E-4
3928,8.887702204276593E-4
3937,8.443317094162239E-4
3950,8.021151239461233E-4
3976,7.62009367747396E-4
3981,7.60417038705441E-4
4032,7.392929025513695E-4
4059,7.023282574181167E-4
4081,6.672118445436581E-4
4083,6.338512523171858E-4
4090,6.02158689702037E-4
4116,6.033519275376875E-4
4118,5.876711560404146E-4
4134,5.720500818569008E-4
4136,5.434475777690295E-4
4150,5.293495584197672E-4
4161,5.153027221496131E-4
4180,9.776075322776023E-4
4190,4.63666448922595E-4
4206,4.4048312646793875E-4
4217,4.2910811843910324E-4
4236,4.0765271252496404E-4
4245,3.872700768994264E-4
4265,3.780232641332759E-4
4268,3.591221009315859E-4
4282,3.411659958914015E-4
4297,3.3371855278119256E-4
4300,3.261629390323151E-4
4302,3.0985479209277855E-4
4318,3.03035850677702E-4
4323,2.9612416642521566E-4
4336,2.891460610356944E-4
4343,2.8919031875318524E-4
4344,2.7473080281481543E-4
4353,2.740819213755685E-4
4357,2.66435062243886E-4
4374,2.588676842236737E-4
4379,2.459243000174638E-4
4395,2.336280850130379E-4
4415,2.2741333717135603E-4
4425,2.160426703170515E-4
4427,2.0524053680048837E-4
4442,2.0017183356912938E-4
4470,1.9509689936114682E-4
4507,1.9002902898535012E-4
4518,1.8498020345703026E-4
4523,1.7573119328062603E-4
4552,1.711746282637705E-4
4575,1.704519619494249E-4
4633,1.655560555775537E-4
4636,1.6072360993746315E-4
4644,1.526874294341951E-4
4655,1.4832614724014093E-4
4664,1.4090983987102845E-4
4686,1.3386434788742463E-4
4695,1.3028056531538823E-4
4706,1.2376653704393448E-4
4758,1.2600438991228202E-4
4787,1.2223682453793572E-4
4798,1.1853100471626021E-4
4810,1.1489017482801955E-4
4815,1.0914566608732912E-4
4836,1.0792267974579772E-4
4857,1.0252654575992892E-4
4859,9.740021846482705E-5
4863,9.448992703653403E-5
4892,9.507602555913763E-5
4902,9.191842805478245E-5
4905,8.732250665843821E-5
4921,8.295638131983196E-5
4924,8.032495584586741E-5
4929,7.630870805996892E-5
4934,7.530239179232012E-5
4937,7.283739016372692E-5
4945,6.919552065198786E-5
4973,6.814421314516039E-5
4990,6.585169111872347E-5
4991,6.361806076427001E-5
4998,6.144316422762586E-5
5001,0.0
5002,0.0
5003,0.0
5004,0.0
5005,0.0
5006,0.0
5007,0.0
5008,0.0
5009,0.0
5010,0.0
5011,0.0
5012,0.0
5013,5.932671218999985E-5
5014,0.0
5015,0.0
5016,0.0
5017,0.0
5018,0.0
5019,0.0
5020,0.0
5021,0.0
5022,0.0
5023,0.0
5024,0.0
5025,0.0
5026,0.0
5027,0.0
5028,0.0
5029,0.0
5030,0.0
5031,0.0
5032,0.0
5033,0.0
5034,0.0
5035,0.0
5036,0.0
5037,0.0
5038,0.0
5039,0.0
5040,0.0
5041,0.0
5042,0.0
5043,0.0
5044,0.0
5045,0.0
5046,0.0
5047,0.0
5048,0.0
5049,0.0
5050,0.0
5051,0.0
5052,0.0
5053,0.0
5054,0.0
5055,0.0
5056,0.0
5057,0.0
5058,0.0
5059,5.636037657552606E-5
5060,0.0
5061,0.0
5062,0.0
5063,0.0
5064,0.0
5065,0.0
5066,0.0
5067,0.0
5068,0.0
5069,0.0
5070,0.0
5071,0.0
5072,0.0
5073,0.0
5074,0.0
5075,0.0
5076,0.0
5077,0.0
5078,0.0
5079,0.0
5080,0.0
5081,0.0
5082,0.0
5083,0.0
5084,0.0
5085,0.0
5086,0.0
5087,0.0
5088,0.0
5089,0.0
5090,0.0
5091,0.0
5092,0.0
5093,0.0
5094,0.0
5095,0.0
5096,0.0
5097,0.0
5098,0.0
5099,0.0
5100,0.0
5101,0.0
5102,0.0
5103,0.0
5104,0.0
5105,0.0
5106,0.0
5107,0.0
5108,0.0
5109,0.0
5110,0.0
5111,0.0
5112,5.5312803439733216E-5
5113,0.0
5114,0.0
5115,0.0
5116,0.0
5117,0.0
5118,0.0
5119,0.0
5120,0.0
5121,0.0
5122,0.0
5123,5.254716326419384E-5
5124,4.9919805107379034E-5
5125,0.0
5126,0.0
5127,0.0
5128,0.0
5129,0.0
5130,0.0
5131,4.742381484845737E-5
5132,0.0
5133,0.0
5134,0.0
5135,0.0
5136,4.5052624102481786E-5
5137,0.0
5138,0.0
5139,0.0
5140,0.0
5141,0.0
5142,0.0
5143,0.0
5144,0.0
5145,0.0
5146,0.0
5147,0.0
5148,4.439782013321292E-5
5149,0.0
5150,0.0
5151,0.0
5152,4.217792913152607E-5
5153,0.0
5154,0.0
5155,0.0
5156,0.0
5157,0.0
5158,0.0
5159,0.0
5160,0.0
5161,0.0
5162,0.0
5163,0.0
5164,0.0
5165,0.0
5166,0.0
5167,0.0
5168,0.0
5169,0.0
5170,0.0
5171,0.0
5172,0.0
5173,0.0
5174,0.0
5175,0.0
5176,0.0
5177,0.0
5178,0.0
5179,0.0
5180,0.0
5181,0.0
5182,0.0
5183,0.0
5184,0.0
5185,0.0
5186,0.0
5187,0.0
5188,0.0
5189,0.0
5190,0.0
5191,0.0
5192,0.0
5193,0.0
5194,0.0
5195,0.0
5196,0.0
5197,0.0
5198,0.0
5199,0.0
5200,0.0
5201,0.0
5202,0.0
5203,0.0
5204,4.217847701681876E-5
5205,0.0
5206,0.0
5207,0.0
5208,4.07035881835327E-5
5209,0.0
5210,0.0
5211,0.0
5212,3.927074202181302E-5
5213,0.0
5214,0.0
5215,0.0
5216,0.0
5217,0.0
5218,0.0
5219,0.0
5220,0.0
5221,0.0
5222,0.0
5223,3.730720492001183E-5
5224,0.0
5225,0.0
5226,0.0
5227,0.0
5228,0.0
5229,0.0
5230,0.0
5231,0.0
5232,0.0
5233,0.0
5234,0.0
5235,0.0
5236,0.0
5237,0.0
5238,0.0
5239,0.0
5240,0.0
5241,3.7074092503530665E-5
5242,0.0
5243,0.0
5244,0.0
5245,0.0
5246,0.0
5247,0.0
5248,0.0
5249,0.0
5250,0.0
5251,0.0
5252,0.0
5253,0.0
5254,0.0
5255,0.0
5256,0.0
5257,0.0
5258,0.0
5259,0.0
5260,3.571099207988482E-5
5261,0.0
5262,0.0
5263,0.0
5264,0.0
5265,0.0
5266,0.0
5267,0.0
5268,0.0
5269,0.0
5270,0.0
5271,0.0
5272,3.439151646489336E-5
5273,0.0
5274,0.0
5275,0.0
5276,0.0
5277,0.0
5278,0.0
5279,0.0
5280,0.0
5281,0.0
5282,0.0
5283,3.267194064449086E-5
5284,0.0
5285,0.0
5286,3.148111390771646E-5
5287,0.0
5288,0.0
5289,0.0
5290,0.0
5291,0.0
5292,0.0
5293,0.0
5294,2.9907058205935755E-5
5295,0.0
5296,0.0
5297,0.0
5298,0.0
5299,0.0
5300,0.0
5301,0.0
5302,0.0
5303,0.0
5304,0.0
5305,0.0
5306,0.0
5307,0.0
5308,0.0
5309,0.0
5310,0.0
5311,0.0
5312,0.0
5313,0.0
5314,0.0
5315,0.0
5316,0.0
5317,0.0
5318,2.841170530132331E-5
5319,0.0
5320,0.0
5321,0.0
5322,0.0
5323,0.0
5324,0.0
5325,0.0
5326,0.0
5327,0.0
5328,0.0
5329,0.0
5330,0.0
5331,0.0
5332,0.0
5333,0.0
5334,0.0
5335,0.0
5336,0.0
5337,0.0
5338,0.0
5339,0.0
5340,0.0
5341,0.0
5342,0.0
5343,0.0
5344,0.0
5345,2.741175181597555E-5
5346,0.0
5347,0.0
5348,0.0
5349,0.0
5350,0.0
5351,2.6041164218781887E-5
5352,0.0
5353,0.0
5354,0.0
5355,0.0
5356,0.0
5357,0.0
5358,0.0
5359,0.0
5360,0.0
5361,0.0
5362,0.0
5363,0.0
5364,2.5138706206462302E-5
5365,0.0
5366,0.0
5367,0.0
5368,0.0
5369,0.0
5370,0.0
5371,0.0
5372,0.0
5373,0.0
5374,0.0
5375,0.0
5376,0.0
5377,0.0
5378,0.0
5379,0.0
5380,0.0
5381,2.388177088619159E-5
5382,0.0
5383,0.0
5384,0.0
5385,0.0
5386,0.0
5387,0.0
5388,0.0
5389,0.0
5390,0.0
5391,0.0
5392,0.0
5393,0.0
5394,0.0
5395,0.0
5396,0.0
5397,0.0
5398,0.0
5399,0.0
5400,0.0
5401,0.0
5402,0.0
5403,0.0
5404,0.0
5405,0.0
5406,2.2687682346145266E-5
5407,0.0
5408,2.155329822528529E-5
5409,0.0
5410,0.0
5411,0.0
5412,0.0
5413,0.0
5414,0.0
5415,0.0
5416,0.0
5417,0.0
5418,2.0855253495710713E-5
5419,0.0
5420,0.0
5421,0.0
5422,0.0
5423,0.0
5424,0.0
5425,2.0841214052325086E-5
5426,0.0
5427,0.0
5428,0.0
5429,0.0
5430,0.0
5431,0.0
5432,0.0
5433,0.0
5434,0.0
5435,0.0
5436,0.0
5437,0.0
5438,0.0
5439,0.0
5440,0.0
5441,0.0
5442,0.0
5443,0.0
5444,0.0
5445,0.0
5446,0.0
5447,0.0
5448,0.0
5449,0.0
5450,0.0
5451,0.0
5452,0.0
5453,0.0
5454,0.0
5455,0.0
5456,2.0681154936141866E-5
5457,0.0
5458,0.0
5459,0.0
5460,0.0
5461,0.0
5462,0.0
5463,0.0
5464,0.0
5465,0.0
5466,0.0
5467,0.0
5468,0.0
5469,0.0
5470,0.0
5471,0.0
5472,1.9647097190045315E-5
5473,0.0
5474,0.0
5475,1.8929845268189638E-5
5476,0.0
5477,0.0
5478,0.0
5479,0.0
5480,0.0
5481,0.0
5482,0.0
5483,0.0
5484,0.0
5485,0.0
5486,0.0
5487,0.0
5488,0.0
5489,0.0
5490,0.0
5491,1.8235200784033623E-5
5492,0.0
5493,0.0
5494,0.0
5495,0.0
5496,0.0
5497,0.0
5498,0.0
5499,0.0
5500,0.0
5501,0.0
5502,0.0
5503,0.0
5504,0.0
5505,0.0
5506,0.0
5507,0.0
5508,0.0
5509,0.0
5510,0.0
5511,0.0
5512,1.73234407441214E-5
5513,0.0
5514,1.6923816730241015E-5
5515,0.0
5516,0.0
5517,0.0
5518,0.0
5519,0.0
5520,0.0
5521,0.0
5522,0.0
5523,0.0
5524,0.0
5525,0.0
5526,0.0
5527,0.0
5528,1.6077625886623537E-5
5529,0.0
5530,0.0
5531,0.0
5532,0.0
5533,0.0
5534,0.0
5535,0.0
5536,1.548967259168421E-5
5537,0.0
5538,0.0
5539,0.0
5540,0.0
5541,0.0
5542,0.0
5543,0.0
5544,0.0
5545,0.0
5546,0.0
5547,1.4715188967784343E-5
5548,0.0
5549,1.418456110968691E-5
5550,1.3670208062421807E-5
5551,0.0
5552,0.0
5553,0.0
5554,0.0
5555,0.0
5556,0.0
5557,0.0
5558,0.0
5559,0.0
5560,1.3171828925351292E-5
5561,0.0
5562,0.0
5563,1.2689112182329154E-5
5564,0.0
5565,0.0
5566,0.0
5567,0.0
5568,0.0
5569,0.0
5570,0.0
5571,0.0
5572,0.0
5573,0.0
5574,0.0
5575,0.0
5576,0.0
5577,0.0
5578,0.0
5579,0.0
5580,0.0
5581,0.0
5582,0.0
5583,0.0
5584,0.0
5585,0.0
5586,0.0
5587,0.0
5588,0.0
5589,0.0
5590,1.2221737534900967E-5
5591,0.0
5592,0.0
5593,0.0
5594,0.0
5595,0.0
5596,0.0
5597,0.0
5598,0.0
5599,0.0
5600,0.0
5601,0.0
5602,1.1610650659577004E-5
5603,0.0
5604,0.0
5605,0.0
5606,0.0
5607,0.0
5608,0.0
5609,0.0
5610,0.0
5611,0.0
5612,0.0
5613,0.0
5614,0.0
5615,1.1339635619833643E-5
5616,0.0
5617,0.0
5618,1.091590488044858E-5
5619,0.0
5620,0.0
5621,0.0
5622,0.0
5623,0.0
5624,0.0
5625,0.0
5626,0.0
5627,0.0
5628,0.0
5629,0.0
5630,0.0
5631,0.0
5632,1.0370109635005065E-5
5633,0.0
5634,9.987692649815472E-6
5635,0.0
5636,0.0
5637,0.0
5638,0.0
5639,0.0
5640,0.0
5641,0.0
5642,0.0
5643,0.0
5644,0.0
5645,0.0
5646,0.0
5647,9.488308009508728E-6
5648,9.265996538943E-6
5649,0.0
5650,0.0
5651,0.0
5652,0.0
5653,0.0
5654,0.0
5655,0.0
5656,0.0
5657,0.0
5658,0.0
5659,8.919375588334333E-6
5660,0.0
5661,8.473406808207073E-6
5662,0.0
5663,0.0
5664,8.265884076763541E-6
5665,0.0
5666,0.0
5667,0.0
5668,0.0
5669,0.0
5670,0.0
5671,0.0
5672,7.852589860135595E-6
5673,0.0
5674,0.0
5675,0.0
5676,0.0
5677,0.0
5678,0.0
5679,0.0
5680,0.0
5681,0.0
5682,0.0
5683,0.0
5684,0.0
5685,0.0
5686,0.0
5687,7.559997925454809E-6
5688,0.0
5689,0.0
5690,0.0
5691,0.0
5692,0.0
5693,0.0
5694,0.0
5695,0.0
5696,0.0
5697,0.0
5698,0.0
5699,0.0
5700,0.0
5701,0.0
5702,0.0
5703,0.0
5704,0.0
5705,0.0
5706,0.0
5707,0.0
5708,0.0
5709,0.0
5710,0.0
5711,0.0
5712,0.0
5713,7.181998029182068E-6
5714,6.9179337884861525E-6
5715,0.0
5716,0.0
5717,0.0
5718,6.5720371082989E-6
5719,0.0
5720,0.0
5721,0.0
5722,0.0
5723,0.0
5724,0.0
5725,0.0
5726,0.0
5727,0.0
5728,0.0
5729,0.0
5730,0.0
5731,0.0
5732,0.0
5733,0.0
5734,6.333719127837867E-6
5735,6.017033172156516E-6
5736,0.0
5737,0.0
5738,0.0
5739,0.0
5740,0.0
5741,0.0
5742,0.0
5743,0.0
5744,5.716181519233032E-6
5745,0.0
5746,0.0
5747,0.0
5748,5.516142138617397E-6
5749,0.0
5750,0.0
5751,0.0
5752,0.0
5753,0.0
5754,0.0
5755,0.0
5756,0.0
5757,0.0
5758,0.0
5759,0.0
5760,0.0
5761,0.0
5762,0.0
5763,0.0
5764,0.0
5765,0.0
5766,0.0
5767,0.0
5768,0.0
5769,0.0
5770,5.2403350281338135E-6
5771,0.0
5772,0.0
5773,0.0
5774,0.0
5775,0.0
5776,0.0
5777,0.0
5778,0.0
5779,5.059799477180604E-6
5780,0.0
5781,0.0
5782,0.0
5783,0.0
5784,0.0
5785,0.0
5786,0.0
5787,0.0
5788,0.0
5789,4.884216650680173E-6
5790,0.0
5791,0.0
5792,0.0
5793,0.0
5794,0.0
5795,0.0
5796,0.0
5797,4.640005826672677E-6
5798,0.0
5799,0.0
5800,0.0
5801,0.0
5802,0.0
5803,0.0
5804,0.0
5805,0.0
5806,0.0
5807,0.0
5808,0.0
5809,0.0
5810,0.0
5811,0.0
5812,0.0
5813,0.0
5814,0.0
5815,0.0
5816,0.0
5817,0.0
5818,4.481542319467735E-6
5819,4.257465207047062E-6
5820,4.044591946694709E-6
5821,0.0
5822,0.0
5823,0.0
5824,0.0
5825,0.0
5826,0.0
5827,0.0
5828,0.0
5829,0.0
5830,0.0
5831,0.0
5832,0.0
5833,0.0
5834,0.0
5835,0.0
5836,3.8423623465178025E-6
5837,0.0
5838,0.0
5839,0.0
5840,0.0
5841,0.0
5842,0.0
5843,0.0
5844,0.0
5845,0.0
5846,0.0
5847,0.0
5848,0.0
5849,0.0
5850,0.0
5851,0.0
5852,3.849519728760242E-6
5853,0.0
5854,0.0
5855,0.0
5856,3.657043748717115E-6
5857,0.0
5858,3.474191558439088E-6
5859,0.0
5860,0.0
5861,0.0
5862,0.0
5863,0.0
5864,0.0
5865,0.0
5866,3.3004819783855055E-6
5867,0.0
5868,0.0
5869,0.0
5870,0.0
5871,0.0
5872,0.0
5873,0.0
5874,0.0
5875,0.0
5876,0.0
5877,0.0
5878,0.0
5879,0.0
5880,0.0
5881,0.0
5882,0.0
5883,0.0
5884,0.0
5885,0.0
5886,0.0
5887,0.0
5888,0.0
5889,0.0
5890,0.0
5891,0.0
5892,0.0
5893,0.0
5894,0.0
5895,0.0
5896,0.0
5897,0.0
5898,0.0
5899,0.0
5900,0.0
5901,0.0
5902,0.0
5903,0.0
5904,0.0
5905,0.0
5906,3.252255424968098E-6
5907,0.0
5908,3.0896426466142657E-6
5909,2.935160523520608E-6
5910,0.0
5911,0.0
5912,2.7884024973445776E-6
5913,0.0
5914,0.0
5915,0.0
5916,0.0
5917,0.0
5918,0.0
5919,0.0
5920,0.0
5921,0.0
5922,0.0
5923,0.0
5924,0.0
5925,0.0
5926,0.0
5927,2.7030386604565138E-6
5928,0.0
5929,0.0
5930,0.0
5931,0.0
5932,0.0
5933,0.0
5934,0.0
5935,0.0
5936,0.0
5937,0.0
5938,0.0
5939,0.0
5940,0.0
5941,0.0
5942,0.0
5943,0.0
5944,0.0
5945,0.0
5946,0.0
5947,0.0
5948,2.619240220269603E-6
5949,0.0
5950,2.488278198597982E-6
5951,2.3638642971945956E-6
5952,0.0
5953,0.0
5954,0.0
5955,0.0
5956,2.2456710837559513E-6
5957,0.0
5958,0.0
5959,0.0
5960,0.0
5961,0.0
5962,0.0
5963,0.0
5964,0.0
5965,0.0
5966,0.0
5967,0.0
5968,0.0
5969,0.0
5970,0.0
5971,0.0
5972,0.0
5973,0.0
5974,0.0
5975,0.0
5976,0.0
5977,0.0
5978,2.1333875253048973E-6
5979,0.0
5980,0.0
5981,0.0
5982,0.0
5983,0.0
5984,0.0
5985,0.0
5986,2.0755039571440648E-6
5987,0.0
5988,0.0
5989,0.0
5990,0.0
5991,0.0
5992,0.0
5993,0.0
5994,0.0
5995,0.0
5996,0.0
5997,0.0
5998,0.0
5999,0.0
6000,0.0
6001,0.0
6002,0.0
6003,0.0
6004,0.0
6005,0.0
6006,0.0
6007,2.0621044711788272E-6
6008,0.0
6009,0.0
6010,0.0
6011,0.0
6012,0.0
6013,0.0
6014,0.0
6015,0.0
6016,0.0
6017,0.0
6018,0.0
6019,0.0
6020,0.0
6021,0.0
6022,0.0
6023,0.0
6024,0.0
6025,0.0
6026,0.0
6027,0.0
6028,0.0
6029,0.0
6030,0.0
6031,2.040563316541011E-6
6032,0.0
6033,0.0
6034,0.0
6035,1.938535149292875E-6
6036,0.0
6037,0.0
6038,0.0
6039,0.0
6040,0.0
6041,0.0
6042,0.0
6043,0.0
6044,0.0
6045,0.0
6046,0.0
6047,0.0
6048,0.0
6049,0.0
6050,0.0
6051,0.0
6052,0.0
6053,0.0
6054,0.0
6055,0.0
6056,0.0
6057,0.0
6058,0.0
6059,1.8793579243947534E-6
6060,0.0
6061,0.0
6062,0.0
6063,0.0
6064,0.0
6065,0.0
6066,0.0
6067,0.0
6068,0.0
6069,0.0
6070,0.0
6071,0.0
6072,0.0
6073,0.0
6074,0.0
6075,0.0
6076,0.0
6077,0.0
6078,0.0
6079,0.0
6080,0.0
6081,0.0
6082,0.0
6083,0.0
6084,0.0
6085,0.0
6086,0.0
6087,0.0
6088,0.0
6089,0.0
6090,1.8212520842553204E-6
6091,0.0
6092,0.0
6093,0.0
6094,0.0
6095,0.0
6096,0.0
6097,0.0
6098,0.0
6099,0.0
6100,1.7301894814636398E-6
6101,1.6436800081010006E-6
6102,0.0
6103,0.0
6104,0.0
6105,0.0
6106,0.0
6107,0.0
6108,0.0
6109,0.0
6110,0.0
6111,0.0
6112,0.0
6113,0.0
6114,0.0
6115,0.0
6116,0.0
6117,0.0
6118,0.0
6119,0.0
6120,0.0
6121,1.5955649530496885E-6
6122,0.0
6123,0.0
6124,0.0
6125,0.0
6126,1.5481522126492564E-6
6127,0.0
6128,0.0
6129,0.0
6130,0.0
6131,0.0
6132,0.0
6133,0.0
6134,0.0
6135,0.0
6136,0.0
6137,0.0
6138,0.0
6139,0.0
6140,0.0
6141,0.0
6142,0.0
6143,0.0
6144,1.5014918233191565E-6
6145,0.0
6146,0.0
6147,0.0
6148,0.0
6149,0.0
6150,0.0
6151,0.0
6152,0.0
6153,0.0
6154,0.0
6155,0.0
6156,0.0
6157,0.0
6158,0.0
6159,0.0
6160,0.0
6161,0.0
6162,0.0
6163,0.0
6164,0.0
6165,0.0
6166,0.0
6167,0.0
6168,1.4833764652166792E-6
6169,0.0
6170,0.0
6171,0.0
6172,0.0
6173,0.0
6174,0.0
6175,0.0
6176,0.0
6177,0.0
6178,0.0
6179,0.0
6180,0.0
6181,0.0
6182,0.0
6183,0.0
6184,0.0
6185,0.0
6186,0.0
6187,0.0
6188,0.0
6189,0.0
6190,0.0
6191,0.0
6192,1.4092076412453025E-6
6193,0.0
6194,0.0
6195,1.3387472677095502E-6
6196,0.0
6197,0.0
6198,0.0
6199,0.0
6200,0.0
6201,0.0
6202,0.0
6203,0.0
6204,0.0
6205,0.0
6206,0.0
6207,0.0
6208,0.0
6209,0.0
6210,0.0
6211,0.0
6212,0.0
6213,0.0
6214,0.0
6215,0.0
6216,0.0
6217,0.0
6218,0.0
6219,1.298171810049098E-6
6220,0.0
6221,0.0
6222,0.0
6223,0.0
6224,0.0
6225,0.0
6226,1.233263219546643E-6
6227,0.0
6228,1.1716000472006272E-6
6229,0.0
6230,0.0
6231,0.0
6232,1.1130200476827667E-6
6233,0.0
6234,0.0
6235,0.0
6236,1.0824128509057118E-6
6237,0.0
6238,0.0
6239,0.0
6240,0.0
6241,0.0
6242,0.0
6243,1.0282922175974818E-6
6244,0.0
6245,0.0
6246,0.0
6247,0.0
6248,0.0
6249,0.0
6250,0.0
6251,0.0
6252,0.0
6253,0.0
6254,0.0
6255,0.0
6256,9.768776010332658E-7
6257,0.0
6258,0.0
6259,0.0
6260,0.0
6261,0.0
6262,0.0
6263,0.0
6264,0.0
6265,0.0
6266,0.0
6267,0.0
6268,0.0
6269,0.0
6270,0.0
6271,0.0
6272,0.0
6273,0.0
6274,0.0
6275,9.518253420992551E-7
6276,0.0
6277,0.0
6278,0.0
6279,0.0
6280,0.0
6281,0.0
6282,0.0
6283,0.0
6284,9.483080418704048E-7
6285,0.0
6286,0.0
6287,0.0
6288,0.0
6289,0.0
6290,0.0
6291,0.0
6292,0.0
6293,0.0
6294,0.0
6295,0.0
6296,0.0
6297,0.0
6298,0.0
6299,9.406694090330348E-7
6300,0.0
6301,0.0
6302,0.0
6303,0.0
6304,8.93635927923242E-7
6305,0.0
6306,0.0
6307,0.0
6308,0.0
6309,0.0
6310,0.0
6311,0.0
6312,0.0
6313,0.0
6314,0.0
6315,0.0
6316,0.0
6317,0.0
6318,0.0
6319,0.0
6320,0.0
6321,0.0
6322,0.0
6323,0.0
6324,0.0
6325,0.0
6326,0.0
6327,0.0
6328,0.0
6329,0.0
6330,0.0
6331,0.0
6332,0.0
6333,8.489541301059944E-7
6334,0.0
6335,8.065064349693785E-7
6336,0.0
6337,0.0
6338,0.0
6339,0.0
6340,0.0
6341,0.0
6342,0.0
6343,7.845906111469958E-7
6344,0.0
6345,0.0
6346,0.0
6347,0.0
6348,0.0
6349,0.0
6350,0.0
6351,0.0
6352,0.0
6353,0.0
6354,7.628501066392346E-7
6355,0.0
6356,0.0
6357,0.0
6358,0.0
6359,0.0
6360,0.0
6361,0.0
6362,0.0
6363,7.413221680963034E-7
6364,7.200399068096885E-7
6365,0.0
6366,0.0
6367,0.0
6368,0.0
6369,0.0
6370,0.0
6371,0.0
6372,0.0
6373,0.0
6374,0.0
6375,0.0
6376,0.0
6377,0.0
6378,0.0
6379,7.132774868523484E-7
6380,0.0
6381,0.0
6382,0.0
6383,0.0
6384,0.0
6385,0.0
6386,0.0
6387,0.0
6388,0.0
6389,0.0
6390,0.0
6391,0.0
6392,6.776136132202737E-7
6393,0.0
6394,0.0
6395,0.0
6396,6.437329318487173E-7
6397,0.0
6398,0.0
6399,0.0
6400,6.250789539308244E-7
6401,0.0
6402,0.0
6403,0.0
6404,0.0
6405,0.0
6406,0.0
6407,0.0
6408,0.0
6409,0.0
6410,0.0
6411,6.066810556148994E-7
6412,0.0
6413,0.0
6414,0.0
6415,0.0
6416,0.0
6417,0.0
6418,0.0
6419,0.0
6420,0.0
6421,0.0
6422,0.0
6423,0.0
6424,5.763470056763254E-7
6425,0.0
6426,5.475296518397954E-7
6427,0.0
6428,0.0
6429,0.0
6430,0.0
6431,0.0
6432,0.0
6433,0.0
6434,0.0
6435,0.0
6436,0.0
6437,0.0
6438,0.0
6439,0.0
6440,0.0
6441,0.0
6442,5.201531649845492E-7
6443,0.0
6444,0.0
6445,0.0
6446,0.0
6447,0.0
6448,0.0
6449,0.0
6450,0.0
6451,0.0
6452,0.0
6453,0.0
6454,0.0
6455,0.0
6456,0.0
6457,0.0
6458,0.0
6459,0.0
6460,0.0
6461,0.0
6462,0.0
6463,0.0
6464,0.0
6465,0.0
6466,0.0
6467,0.0
6468,0.0
6469,4.941455102880354E-7
6470,4.6943823406309093E-7
6471,0.0
6472,0.0
6473,0.0
6474,0.0
6475,0.0
6476,0.0
6477,0.0
6478,0.0
6479,0.0
6480,0.0
6481,0.0
6482,0.0
6483,0.0
6484,4.4596632164939365E-7
6485,0.0
6486,0.0
6487,0.0
6488,0.0
6489,0.0
6490,0.0
6491,0.0
6492,0.0
6493,0.0
6494,0.0
6495,0.0
6496,0.0
6497,0.0
6498,0.0
6499,0.0
6500,0.0
6501,0.0
6502,0.0
6503,0.0
6504,0.0
6505,0.0
6506,0.0
6507,0.0
6508,0.0
6509,0.0
6510,0.0
6511,0.0
6512,0.0
6513,0.0
6514,0.0
6515,0.0
6516,0.0
6517,0.0
6518,0.0
6519,0.0
6520,4.358812475402374E-7
6521,0.0
6522,0.0
6523,0.0
6524,0.0
6525,0.0
6526,0.0
6527,0.0
6528,8.411174832190227E-7
6529,0.0
6530,0.0
6531,0.0
6532,0.0
6533,0.0
6534,0.0
6535,0.0
6536,4.0512766474876116E-7
6537,0.0
6538,0.0
6539,0.0
6540,0.0
6541,0.0
6542,0.0
6543,0.0
6544,3.9481903968408005E-7
6545,0.0
6546,0.0
6547,0.0
6548,0.0
6549,0.0
6550,0.0
6551,0.0
6552,0.0
6553,0.0
6554,0.0
6555,0.0
6556,0.0
6557,0.0
6558,0.0
6559,0.0
6560,0.0
6561,0.0
6562,0.0
6563,0.0
6564,0.0
6565,0.0
6566,0.0
6567,3.8452844819403253E-7
6568,0.0
6569,0.0
6570,0.0
6571,0.0
6572,0.0
6573,3.6530202862650185E-7
6574,0.0
6575,0.0
6576,0.0
6577,3.4703693074789044E-7
6578,3.386629430224275E-7
6579,0.0
6580,3.3025875723069475E-7
6581,0.0
6582,0.0
6583,0.0
6584,0.0
6585,0.0
6586,0.0
6587,0.0
6588,0.0
6589,3.218483186628873E-7
6590,0.0
6591,0.0
6592,0.0
6593,0.0
6594,0.0
6595,0.0
6596,0.0
6597,0.0
6598,0.0
6599,0.0
6600,0.0
6601,0.0
6602,0.0
6603,0.0
6604,0.0
6605,0.0
6606,0.0
6607,0.0
6608,0.0
6609,0.0
6610,0.0
6611,0.0
6612,0.0
6613,0.0
6614,0.0
6615,0.0
6616,0.0
6617,0.0
6618,0.0
6619,0.0
6620,0.0
6621,0.0
6622,0.0
6623,0.0
6624,0.0
6625,0.0
6626,0.0
6627,0.0
6628,0.0
6629,0.0
6630,0.0
6631,0.0
6632,3.27712697867355E-7
6633,0.0
6634,0.0
6635,3.179266201414066E-7
6636,0.0
6637,0.0
6638,0.0
6639,0.0
6640,0.0
6641,0.0
6642,0.0
6643,0.0
6644,0.0
6645,0.0
6646,0.0
6647,0.0
6648,0.0
6649,0.0
6650,0.0
6651,0.0
6652,0.0
6653,0.0
6654,0.0
6655,0.0
6656,3.0203028700270806E-7
6657,0.0
6658,0.0
6659,0.0
6660,0.0
6661,0.0
6662,0.0
6663,0.0
6664,0.0
6665,0.0
6666,0.0
6667,0.0
6668,0.0
6669,2.869287669682308E-7
6670,0.0
6671,0.0
6672,0.0
6673,0.0
6674,0.0
6675,0.0
6676,0.0
6677,0.0
6678,2.7258232648819103E-7
6679,0.0
6680,0.0
6681,0.0
6682,0.0
6683,0.0
6684,0.0
6685,0.0
6686,0.0
6687,0.0
6688,0.0
6689,0.0
6690,0.0
6691,0.0
6692,0.0
6693,0.0
6694,0.0
6695,0.0
6696,0.0
6697,0.0
6698,0.0
6699,0.0
6700,0.0
6701,0.0
6702,0.0
6703,0.0
6704,0.0
6705,0.0
6706,2.652227806265728E-7
6707,0.0
6708,0.0
6709,0.0
6710,0.0
6711,0.0
6712,0.0
6713,0.0
6714,0.0
6715,0.0
6716,0.0
6717,2.5196165154284245E-7
6718,0.0
6719,0.0
6720,0.0
6721,0.0
6722,0.0
6723,0.0
6724,0.0
6725,0.0
6726,0.0
6727,0.0
6728,0.0
6729,0.0
6730,0.0
6731,0.0
6732,2.393635583075593E-7
6733,0.0
6734,0.0
6735,0.0
6736,0.0
6737,0.0
6738,0.0
6739,2.273953896292369E-7
6740,0.0
6741,0.0
6742,0.0
6743,0.0
6744,0.0
6745,0.0
6746,0.0
6747,0.0
6748,0.0
6749,0.0
6750,0.0
6751,0.0
6752,0.0
6753,0.0
6754,0.0
6755,0.0
6756,0.0
6757,0.0
6758,0.0
6759,0.0
6760,0.0
6761,0.0
6762,0.0
6763,0.0
6764,0.0
6765,0.0
6766,0.0
6767,0.0
6768,0.0
6769,0.0
6770,0.0
6771,0.0
6772,0.0
6773,0.0
6774,0.0
6775,0.0
6776,0.0
6777,2.2198170768206182E-7
6778,0.0
6779,0.0
6780,0.0
6781,0.0
6782,0.0
6783,0.0
6784,0.0
6785,0.0
6786,0.0
6787,0.0
6788,0.0
6789,0.0
6790,0.0
6791,0.0
6792,0.0
6793,0.0
6794,0.0
6795,0.0
6796,0.0
6797,0.0
6798,0.0
6799,0.0
6800,0.0
6801,0.0
6802,0.0
6803,0.0
6804,0.0
6805,0.0
6806,2.1654091142409015E-7
6807,0.0
6808,0.0
6809,0.0
6810,0.0
6811,0.0
6812,0.0
6813,0.0
6814,0.0
6815,0.0
6816,2.0571386016854376E-7
6817,0.0
6818,0.0
6819,0.0
6820,0.0
6821,0.0
6822,0.0
6823,0.0
6824,0.0
6825,2.0080354090623587E-7
6826,0.0
6827,0.0
6828,0.0
6829,0.0
6830,0.0
6831,0.0
6832,0.0
6833,0.0
6834,0.0
6835,0.0
6836,1.958699726856139E-7
6837,0.0
6838,0.0
6839,0.0
6840,0.0
6841,1.9092773584361566E-7
6842,0.0
6843,0.0
6844,0.0
6845,0.0
6846,0.0
6847,0.0
6848,0.0
6849,0.0
6850,0.0
6851,0.0
6852,0.0
6853,0.0
6854,0.0
6855,0.0
6856,0.0
6857,1.85990060685981E-7
6858,1.766905626254811E-7
6859,0.0
6860,0.0
6861,0.0
6862,1.678560295204079E-7
6863,0.0
6864,0.0
6865,0.0
6866,0.0
6867,0.0
6868,0.0
6869,0.0
6870,1.5946322662330203E-7
6871,0.0
6872,0.0
6873,1.5586834933856153E-7
6874,0.0
6875,0.0
6876,0.0
6877,1.4807493187163345E-7
6878,0.0
6879,0.0
6880,0.0
6881,0.0
6882,0.0
6883,0.0
6884,0.0
6885,0.0
6886,0.0
6887,1.4483053689673397E-7
6888,0.0
6889,0.0
6890,0.0
6891,0.0
6892,0.0
6893,0.0
6894,0.0
6895,0.0
6896,0.0
6897,0.0
6898,0.0
6899,0.0
6900,0.0
6901,0.0
6902,0.0
6903,0.0
6904,0.0
6905,0.0
6906,0.0
6907,0.0
6908,0.0
6909,0.0
6910,0.0
6911,1.3758901218352548E-7
6912,0.0
6913,0.0
6914,0.0
6915,0.0
6916,0.0
6917,0.0
6918,0.0
6919,0.0
6920,0.0
6921,0.0
6922,1.346609508345864E-7
6923,0.0
6924,0.0
6925,0.0
6926,0.0
6927,0.0
6928,0.0
6929,0.0
6930,0.0
6931,0.0
6932,0.0
6933,0.0
6934,0.0
6935,0.0
6936,0.0
6937,0.0
6938,0.0
6939,0.0
6940,0.0
6941,0.0
6942,1.2792790471394255E-7
6943,0.0
6944,0.0
6945,0.0
6946,0.0
6947,0.0
6948,0.0
6949,0.0
6950,0.0
6951,0.0
6952,0.0
6953,0.0
6954,0.0
6955,0.0
6956,0.0
6957,0.0
6958,0.0
6959,0.0
6960,0.0
6961,0.0
6962,0.0
6963,0.0
6964,0.0
6965,0.0
6966,0.0
6967,0.0
6968,0.0
6969,0.0
6970,0.0
6971,0.0
6972,0.0
6973,0.0
6974,0.0
6975,1.2528533943623188E-7
6976,0.0
6977,0.0
6978,0.0
6979,0.0
6980,0.0
6981,0.0
6982,0.0
6983,0.0
6984,0.0
6985,0.0
6986,0.0
6987,0.0
6988,0.0
6989,0.0
6990,0.0
6991,0.0
6992,1.2258719550573005E-7
6993,0.0
6994,0.0
6995,1.164578407042427E-7
6996,0.0
6997,0.0
6998,0.0
6999,0.0
7000,0.0
7001,1.1402276811622869E-7
7002,0.0
7003,0.0
7004,0.0
7005,0.0
7006,0.0
7007,0.0
7008,0.0
7009,0.0
7010,0.0
7011,0.0
7012,0.0
7013,0.0
7014,0.0
7015,0.0
7016,0.0
7017,0.0
7018,0.0
7019,0.0
7020,0.0
7021,0.0
7022,0.0
7023,0.0
7024,0.0
7025,0.0
7026,0.0
7027,0.0
7028,0.0
7029,0.0
7030,0.0
7031,0.0
7032,0.0
7033,0.0
7034,0.0
7035,0.0
7036,0.0
7037,0.0
7038,0.0
7039,0.0
7040,0.0
7041,0.0
7042,0.0
7043,0.0
7044,1.1154007495406404E-7
7045,0.0
7046,0.0
7047,0.0
7048,0.0
7049,0.0
7050,0.0
7051,0.0
7052,0.0
7053,0.0
7054,0.0
7055,0.0
7056,0.0
7057,0.0
7058,0.0
7059,0.0
7060,0.0
7061,0.0
7062,0.0
7063,0.0
7064,0.0
7065,0.0
7066,0.0
7067,0.0
7068,0.0
7069,0.0
7070,0.0
7071,0.0
7072,0.0
7073,0.0
7074,0.0
7075,0.0
7076,0.0
7077,1.0902057567818702E-7
7078,0.0
7079,0.0
7080,1.035695476048204E-7
7081,1.0129571137440507E-7
7082,0.0
7083,0.0
7084,0.0
7085,0.0
7086,0.0
7087,0.0
7088,0.0
7089,0.0
7090,0.0
7091,0.0
7092,0.0
7093,0.0
7094,0.0
7095,9.8990327046522E-8
7096,0.0
7097,0.0
7098,0.0
7099,0.0
7100,0.0
7101,0.0
7102,0.0
7103,0.0
7104,0.0
7105,0.0
7106,0.0
7107,0.0
7108,0.0
7109,9.404081424690958E-8
7110,0.0
7111,0.0
7112,0.0
7113,0.0
7114,0.0
7115,0.0
7116,0.0
7117,0.0
7118,0.0
7119,0.0
7120,0.0
7121,0.0
7122,0.0
7123,0.0
7124,0.0
7125,0.0
7126,0.0
7127,0.0
7128,0.0
7129,0.0
7130,0.0
7131,0.0
7132,0.0
7133,0.0
7134,0.0
7135,0.0
7136,0.0
7137,0.0
7138,0.0
7139,0.0
7140,0.0
7141,0.0
7142,0.0
7143,0.0
7144,0.0
7145,0.0
7146,0.0
7147,0.0
7148,0.0
7149,0.0
7150,0.0
7151,0.0
7152,0.0
7153,0.0
7154,0.0
7155,0.0
7156,0.0
7157,0.0
7158,0.0
7159,0.0
7160,0.0
7161,0.0
7162,0.0
7163,0.0
7164,0.0
7165,0.0
7166,9.196020300805685E-8
7167,0.0
7168,0.0
7169,0.0
7170,0.0
7171,0.0
7172,0.0
7173,0.0
7174,0.0
7175,0.0
7176,0.0
7177,8.736219569982495E-8
7178,0.0
7179,0.0
7180,0.0
7181,8.548444441203173E-8
7182,0.0
7183,0.0
7184,0.0
7185,0.0
7186,0.0
7187,0.0
7188,0.0
7189,0.0
7190,0.0
7191,0.0
7192,0.0
7193,0.0
7194,0.0
7195,0.0
7196,0.0
7197,0.0
7198,0.0
7199,8.795879580247856E-8
7200,0.0
7201,0.0
7202,0.0
7203,0.0
7204,8.356086311778199E-8
7205,0.0
7206,0.0
7207,0.0
7208,0.0
7209,0.0
7210,0.0
7211,0.0
7212,0.0
7213,0.0
7214,0.0
7215,0.0
7216,0.0
7217,0.0
7218,0.0
7219,0.0
7220,0.0
7221,0.0
7222,0.0
7223,0.0
7224,0.0
7225,0.0
7226,0.0
7227,0.0
7228,0.0
7229,0.0
7230,0.0
7231,0.0
7232,0.0
7233,0.0
7234,0.0
7235,0.0
7236,0.0
7237,0.0
7238,0.0
7239,0.0
7240,0.0
7241,0.0
7242,0.0
7243,0.0
7244,0.0
7245,0.0
7246,0.0
7247,0.0
7248,0.0
7249,0.0
7250,0.0
7251,0.0
7252,0.0
7253,0.0
7254,0.0
7255,0.0
7256,0.0
7257,7.938281498809374E-8
7258,0.0
7259,0.0
7260,0.0
7261,0.0
7262,0.0
7263,7.541368063357368E-8
7264,0.0
7265,0.0
7266,0.0
7267,0.0
7268,0.0
7269,0.0
7270,0.0
7271,0.0
7272,0.0
7273,0.0
7274,0.0
7275,0.0
7276,0.0
7277,7.367140142378048E-8
7278,0.0
7279,0.0
7280,0.0
7281,0.0
7282,0.0
7283,0.0
7284,0.0
7285,0.0
7286,0.0
7287,0.0
7288,0.0
7289,0.0
7290,0.0
7291,0.0
7292,0.0
7293,0.0
7294,0.0
7295,0.0
7296,0.0
7297,0.0
7298,0.0
7299,0.0
7300,0.0
7301,0.0
7302,0.0
7303,0.0
7304,0.0
7305,0.0
7306,0.0
7307,0.0
7308,0.0
7309,0.0
7310,0.0
7311,0.0
7312,6.99878341947624E-8
7313,0.0
7314,0.0
7315,0.0
7316,0.0
7317,0.0
7318,0.0
7319,0.0
7320,0.0
7321,0.0
7322,6.841544575308944E-8
7323,0.0
7324,0.0
7325,0.0
7326,0.0
7327,0.0
7328,6.68253079538772E-8
7329,0.0
7330,0.0
7331,0.0
7332,0.0
7333,0.0
7334,0.0
7335,0.0
7336,0.0
7337,0.0
7338,0.0
7339,0.0
7340,0.0
7341,0.0
7342,0.0
7343,0.0
7344,0.0
7345,0.0
7346,0.0
7347,0.0
7348,0.0
7349,0.0
7350,0.0
7351,6.844486222234991E-8
7352,0.0
7353,0.0
7354,6.651369233168225E-8
7355,0.0
7356,1.2597884335718845E-7
7357,0.0
7358,0.0
7359,5.8305587913309864E-8
7360,0.0
7361,0.0
7362,0.0
7363,0.0
7364,0.0
7365,0.0
7366,0.0
7367,5.67359990100158E-8
7368,0.0
7369,0.0
7370,0.0
7371,0.0
7372,0.0
7373,0.0
7374,0.0
7375,0.0
7376,0.0
7377,0.0
7378,0.0
7379,0.0
7380,0.0
7381,0.0
7382,0.0
7383,0.0
7384,0.0
7385,0.0
7386,0.0
7387,0.0
7388,0.0
7389,0.0
7390,0.0
7391,0.0
7392,0.0
7393,0.0
7394,0.0
7395,0.0
7396,0.0
7397,0.0
7398,0.0
7399,0.0
7400,0.0
7401,0.0
7402,0.0
7403,0.0
7404,5.6392096325907914E-8
7405,0.0
7406,0.0
7407,0.0
7408,0.0
7409,0.0
7410,0.0
7411,0.0
7412,0.0
7413,5.3572492220155254E-8
7414,0.0
7415,0.0
7416,0.0
7417,0.0
7418,0.0
7419,0.0
7420,0.0
7421,0.0
7422,0.0
7423,0.0
7424,0.0
7425,0.0
7426,0.0
7427,0.0
7428,0.0
7429,0.0
7430,0.0
7431,0.0
7432,0.0
7433,0.0
7434,0.0
7435,0.0
7436,0.0
7437,0.0
7438,0.0
7439,0.0
7440,0.0
7441,0.0
7442,0.0
7443,0.0
7444,0.0
7445,0.0
7446,0.0
7447,0.0
7448,0.0
7449,0.0
7450,0.0
7451,0.0
7452,5.3143708100833464E-8
7453,0.0
7454,0.0
7455,0.0
7456,0.0
7457,0.0
7458,0.0
7459,0.0
7460,0.0
7461,0.0
7462,0.0
7463,0.0
7464,0.0
7465,0.0
7466,0.0
7467,0.0
7468,0.0
7469,0.0
7470,0.0
7471,0.0
7472,0.0
7473,0.0
7474,0.0
7475,0.0
7476,0.0
7477,0.0
7478,0.0
7479,0.0
7480,0.0
7481,0.0
7482,0.0
7483,0.0
7484,0.0
7485,0.0
7486,0.0
7487,0.0
7488,0.0
7489,0.0
7490,0.0
7491,0.0
7492,0.0
7493,0.0
7494,0.0
7495,0.0
7496,0.0
7497,0.0
7498,0.0
7499,0.0
7500,0.0
7501,5.251699519703834E-8
7502,0.0
7503,0.0
7504,5.083089149593434E-8
7505,0.0
7506,0.0
7507,0.0
7508,0.0
7509,0.0
7510,0.0
7511,0.0
7512,0.0
7513,0.0
7514,0.0
7515,0.0
7516,4.9182105499312456E-8
7517,0.0
7518,0.0
7519,0.0
7520,0.0
7521,0.0
7522,0.0
7523,0.0
7524,0.0
7525,0.0
7526,4.7571134587087727E-8
7527,0.0
7528,0.0
7529,0.0
7530,0.0
7531,0.0
7532,0.0
7533,0.0
7534,0.0
7535,0.0
7536,4.6763716454734094E-8
7537,0.0
7538,0.0
7539,0.0
7540,0.0
7541,0.0
7542,0.0
7543,0.0
7544,0.0
7545,0.0
7546,0.0
7547,0.0
7548,4.442553347416833E-8
7549,0.0
7550,0.0
7551,0.0
7552,0.0
7553,0.0
7554,0.0
7555,0.0
7556,0.0
7557,0.0
7558,0.0
7559,4.293141842026671E-8
7560,0.0
7561,0.0
7562,0.0
7563,4.14756442523867E-8
7564,0.0
7565,0.0
7566,0.0
7567,0.0
7568,0.0
7569,0.0
7570,0.0
7571,0.0
7572,0.0
7573,0.0
7574,0.0
7575,3.940186843465199E-8
7576,0.0
7577,0.0
7578,0.0
7579,0.0
7580,3.743177501291939E-8
7581,0.0
7582,0.0
7583,0.0
7584,0.0
7585,0.0
7586,0.0
7587,0.0
7588,0.0
7589,0.0
7590,0.0
7591,0.0
7592,0.0
7593,0.0
7594,0.0
7595,0.0
7596,3.5560177025217854E-8
7597,0.0
7598,0.0
7599,0.0
7600,0.0
7601,0.0
7602,0.0
7603,0.0
7604,0.0
7605,0.0
7606,0.0
7607,0.0
7608,3.443842899741867E-8
7609,0.0
7610,0.0
7611,0.0
7612,0.0
7613,0.0
7614,0.0
7615,0.0
7616,0.0
7617,0.0
7618,0.0
7619,0.0
7620,0.0
7621,3.3339958349642984E-8
7622,0.0
7623,0.0
7624,0.0
7625,0.0
7626,0.0
7627,0.0
7628,0.0
7629,0.0
7630,0.0
7631,0.0
7632,3.167295403727621E-8
7633,0.0
7634,0.0
7635,0.0
7636,0.0
7637,0.0
7638,3.008931059866882E-8
7639,0.0
7640,0.0
7641,0.0
7642,0.0
7643,0.0
7644,0.0
7645,0.0
7646,0.0
7647,0.0
7648,0.0
7649,2.91771158345E-8
7650,0.0
7651,0.0
7652,0.0
7653,0.0
7654,0.0
7655,0.0
7656,0.0
7657,0.0
7658,0.0
7659,0.0
7660,0.0
7661,0.0
7662,0.0
7663,2.881544958199811E-8
7664,0.0
7665,0.0
7666,2.7882492759090383E-8
7667,0.0
7668,0.0
7669,0.0
7670,0.0
7671,2.6970766953127168E-8
7672,0.0
7673,0.0
7674,0.0
7675,0.0
7676,0.0
7677,0.0
7678,0.0
7679,0.0
7680,0.0
7681,0.0
7682,0.0
7683,0.0
7684,0.0
7685,0.0
7686,0.0
7687,0.0
7688,0.0
7689,0.0
7690,0.0
7691,0.0
7692,0.0
7693,0.0
7694,0.0
7695,0.0
7696,2.6080527959493338E-8
7697,0.0
7698,0.0
7699,0.0
7700,0.0
7701,0.0
7702,0.0
7703,0.0
7704,0.0
7705,0.0
7706,0.0
7707,0.0
7708,0.0
7709,0.0
7710,0.0
7711,2.52118752541719E-8
7712,0.0
7713,0.0
7714,0.0
7715,0.0
7716,0.0
7717,0.0
7718,0.0
7719,2.4364894102291146E-8
7720,0.0
7721,0.0
7722,0.0
7723,0.0
7724,0.0
7725,0.0
7726,0.0
7727,0.0
7728,0.0
7729,0.0
7730,0.0
7731,0.0
7732,0.0
7733,0.0
7734,0.0
7735,0.0
7736,0.0
7737,0.0
7738,0.0
7739,0.0
7740,0.0
7741,0.0
7742,0.0
7743,0.0
7744,0.0
7745,0.0
7746,0.0
7747,2.3912861024655285E-8
7748,0.0
7749,0.0
7750,0.0
7751,0.0
7752,0.0
7753,0.0
7754,0.0
7755,0.0
7756,2.271721655233705E-8
7757,0.0
7758,2.1581342934950953E-8
7759,0.0
7760,0.0
7761,0.0
7762,2.0856901983279386E-8
7763,0.0
7764,0.0
7765,0.0
7766,0.0
7767,0.0
7768,0.0
7769,1.9814052620859002E-8
7770,0.0
7771,0.0
7772,0.0
7773,0.0
7774,0.0
7775,0.0
7776,0.0
7777,0.0
7778,0.0
7779,0.0
7780,0.0
7781,0.0
7782,0.0
7783,0.0
7784,0.0
7785,0.0
7786,0.0
7787,0.0
7788,0.0
7789,0.0
7790,0.0
7791,0.0
7792,0.0
7793,0.0
7794,0.0
7795,0.0
7796,0.0
7797,1.9480282276163052E-8
7798,0.0
7799,0.0
7800,0.0
7801,0.0
7802,0.0
7803,0.0
7804,0.0
7805,0.0
7806,0.0
7807,0.0
7808,0.0
7809,0.0
7810,0.0
7811,0.0
7812,0.0
7813,0.0
7814,0.0
7815,0.0
7816,0.0
7817,0.0
7818,0.0
7819,0.0
7820,0.0
7821,0.0
7822,1.8506270293983107E-8
7823,0.0
7824,0.0
7825,0.0
7826,0.0
7827,0.0
7828,0.0
7829,0.0
7830,0.0
7831,0.0
7832,0.0
7833,0.0
7834,1.788498593668919E-8
7835,0.0
7836,0.0
7837,0.0
7838,0.0
7839,0.0
7840,0.0
7841,0.0
7842,0.0
7843,0.0
7844,0.0
7845,0.0
7846,1.6990739482025674E-8
7847,0.0
7848,0.0
7849,0.0
7850,0.0
7851,0.0
7852,0.0
7853,0.0
7854,0.0
7855,0.0
7856,0.0
7857,0.0
7858,0.0
7859,0.0
7860,0.0
7861,0.0
7862,0.0
7863,0.0
7864,0.0
7865,0.0
7866,0.0
7867,0.0
7868,0.0
7869,0.0
7870,0.0
7871,1.643005020923738E-8
7872,0.0
7873,0.0
7874,0.0
7875,0.0
7876,0.0
7877,0.0
7878,0.0
7879,0.0
7880,0.0
7881,0.0
7882,0.0
7883,0.0
7884,0.0
7885,0.0
7886,0.0
7887,0.0
7888,0.0
7889,1.5608534909006266E-8
7890,0.0
7891,0.0
7892,0.0
7893,0.0
7894,0.0
7895,0.0
7896,0.0
7897,0.0
7898,0.0
7899,0.0
7900,0.0
7901,0.0
7902,0.0
7903,0.0
7904,0.0
7905,1.5102514794307353E-8
7906,0.0
7907,0.0
7908,0.0
7909,0.0
7910,0.0
7911,0.0
7912,0.0
7913,0.0
7914,0.0
7915,0.0
7916,0.0
7917,0.0
7918,0.0
7919,0.0
7920,0.0
7921,0.0
7922,0.0
7923,0.0
7924,0.0
7925,0.0
7926,0.0
7927,0.0
7928,0.0
7929,0.0
7930,0.0
7931,0.0
7932,0.0
7933,0.0
7934,0.0
7935,0.0
7936,0.0
7937,0.0
7938,0.0
7939,0.0
7940,0.0
7941,0.0
7942,0.0
7943,0.0
7944,0.0
7945,0.0
7946,0.0
7947,0.0
7948,0.0
7949,0.0
7950,0.0
7951,0.0
7952,0.0
7953,0.0
7954,0.0
7955,0.0
7956,0.0
7957,1.4608062315346615E-8
7958,0.0
7959,0.0
7960,1.3877652804694662E-8
7961,0.0
7962,0.0
7963,1.3183779401515494E-8
7964,0.0
7965,0.0
7966,0.0
7967,0.0
7968,0.0
7969,0.0
7970,0.0
7971,0.0
7972,0.0
7973,0.0
7974,0.0
7975,0.0
7976,0.0
7977,0.0
7978,1.2524580483841419E-8
7979,0.0
7980,0.0
7981,0.0
7982,0.0
7983,0.0
7984,0.0
7985,0.0
7986,0.0
7987,0.0
7988,0.0
7989,0.0
7990,0.0
7991,0.0
7992,1.2146003314228437E-8
7993,0.0
7994,0.0
7995,0.0
7996,0.0
7997,0.0
7998,0.0
7999,0.0
8000,0.0
8001,0.0
8002,0.0
8003,0.0
8004,0.0
8005,0.0
8006,1.2209781630190264E-8
8007,0.0
8008,0.0
8009,0.0
8010,0.0
8011,0.0
8012,0.0
8013,0.0
8014,0.0
8015,0.0
8016,0.0
8017,1.1599297522479901E-8
8018,0.0
8019,0.0
8020,0.0
8021,0.0
8022,0.0
8023,0.0
8024,0.0
8025,0.0
8026,1.1019324119843077E-8
8027,0.0
8028,0.0
8029,0.0
8030,0.0
8031,0.0
8032,1.0670063943507557E-8
8033,0.0
8034,0.0
8035,0.0
8036,0.0
8037,0.0
8038,0.0
8039,0.0
8040,0.0
8041,0.0
8042,0.0
8043,0.0
8044,0.0
8045,0.0
8046,0.0
8047,0.0
8048,0.0
8049,0.0
8050,0.0
8051,0.0
8052,0.0
8053,0.0
8054,0.0
8055,0.0
8056,0.0
8057,0.0
8058,0.0
8059,0.0
8060,0.0
8061,0.0
8062,0.0
8063,0.0
8064,0.0
8065,0.0
8066,0.0
8067,0.0
8068,1.0328179200769227E-8
8069,0.0
8070,0.0
8071,0.0
8072,0.0
8073,0.0
8074,0.0
8075,0.0
8076,0.0
8077,0.0
8078,1.0166758102059248E-8
8079,0.0
8080,0.0
8081,0.0
8082,0.0
8083,0.0
8084,0.0
8085,0.0
8086,0.0
8087,0.0
8088,0.0
8089,0.0
8090,0.0
8091,0.0
8092,0.0
8093,0.0
8094,9.658407407187042E-9
8095,0.0
8096,0.0
8097,0.0
8098,0.0
8099,0.0
8100,0.0
8101,0.0
8102,0.0
8103,0.0
8104,0.0
8105,0.0
8106,0.0
8107,0.0
8108,0.0
8109,9.339785833617498E-9
8110,0.0
8111,0.0
8112,0.0
8113,0.0
8114,0.0
8115,0.0
8116,0.0
8117,0.0
8118,0.0
8119,0.0
8120,0.0
8121,0.0
8122,0.0
8123,0.0
8124,0.0
8125,0.0
8126,0.0
8127,0.0
8128,0.0
8129,0.0
8130,0.0
8131,0.0
8132,0.0
8133,0.0
8134,0.0
8135,9.17714260140201E-9
8136,8.859146305439936E-9
8137,0.0
8138,0.0
8139,0.0
8140,0.0
8141,0.0
8142,0.0
8143,0.0
8144,0.0
8145,0.0
8146,0.0
8147,0.0
8148,0.0
8149,0.0
8150,0.0
8151,0.0
8152,0.0
8153,0.0
8154,0.0
8155,0.0
8156,0.0
8157,0.0
8158,0.0
8159,0.0
8160,0.0
8161,8.550003371965431E-9
8162,0.0
8163,0.0
8164,0.0
8165,0.0
8166,0.0
8167,0.0
8168,0.0
8169,0.0
8170,0.0
8171,0.0
8172,8.122512440422724E-9
8173,0.0
8174,0.0
8175,0.0
8176,0.0
8177,0.0
8178,0.0
8179,0.0
8180,0.0
8181,0.0
8182,0.0
8183,0.0
8184,0.0
8185,7.716380423516966E-9
8186,0.0
8187,0.0
8188,0.0
8189,0.0
8190,0.0
8191,0.0
8192,0.0
8193,0.0
8194,0.0
8195,0.0
8196,0.0
8197,0.0
8198,0.0
8199,0.0
8200,0.0
8201,0.0
8202,0.0
8203,0.0
8204,0.0
8205,0.0
8206,0.0
8207,0.0
8208,0.0
8209,0.0
8210,0.0
8211,0.0
8212,0.0
8213,0.0
8214,0.0
8215,0.0
8216,0.0
8217,0.0
8218,0.0
8219,0.0
8220,0.0
8221,0.0
8222,0.0
8223,0.0
8224,0.0
8225,0.0
8226,0.0
8227,0.0
8228,0.0
8229,0.0
8230,0.0
8231,0.0
8232,0.0
8233,0.0
8234,0.0
8235,0.0
8236,0.0
8237,0.0
8238,0.0
8239,0.0
8240,0.0
8241,0.0
8242,0.0
8243,0.0
8244,0.0
8245,0.0
8246,0.0
8247,0.0
8248,0.0
8249,0.0
8250,7.578449867651216E-9
8251,0.0
8252,7.1995316375250695E-9
8253,0.0
8254,0.0
8255,0.0
8256,0.0
8257,0.0
8258,0.0
8259,0.0
8260,0.0
8261,0.0
8262,0.0
8263,0.0
8264,0.0
8265,0.0
8266,0.0
8267,0.0
8268,0.0
8269,0.0
8270,0.0
8271,0.0
8272,0.0
8273,0.0
8274,0.0
8275,0.0
8276,0.0
8277,0.0
8278,0.0
8279,0.0
8280,0.0
8281,0.0
8282,0.0
8283,0.0
8284,0.0
8285,0.0
8286,0.0
8287,0.0
8288,0.0
8289,0.0
8290,0.0
8291,0.0
8292,0.0
8293,0.0
8294,0.0
8295,0.0
8296,0.0
8297,0.0
8298,0.0
8299,0.0
8300,0.0
8301,0.0
8302,0.0
8303,0.0
8304,0.0
8305,0.0
8306,0.0
8307,0.0
8308,0.0
8309,0.0
8310,0.0
8311,0.0
8312,0.0
8313,0.0
8314,0.0
8315,0.0
8316,0.0
8317,0.0
8318,0.0
8319,0.0
8320,0.0
8321,0.0
8322,6.954280706850113E-9
8323,0.0
8324,0.0
8325,0.0
8326,0.0
8327,0.0
8328,0.0
8329,0.0
8330,0.0
8331,0.0
8332,0.0
8333,0.0
8334,0.0
8335,0.0
8336,0.0
8337,0.0
8338,0.0
8339,0.0
8340,0.0
8341,0.0
8342,0.0
8343,0.0
8344,0.0
8345,0.0
8346,0.0
8347,0.0
8348,0.0
8349,0.0
8350,0.0
8351,0.0
8352,0.0
8353,0.0
8354,0.0
8355,6.819107056799112E-9
8356,0.0
8357,0.0
8358,0.0
8359,0.0
8360,0.0
8361,0.0
8362,0.0
8363,0.0
8364,0.0
8365,0.0
8366,0.0
8367,0.0
8368,0.0
8369,0.0
8370,0.0
8371,0.0
8372,0.0
8373,0.0
8374,0.0
8375,0.0
8376,0.0
8377,0.0
8378,0.0
8379,0.0
8380,0.0
8381,6.4781602304719854E-9
8382,0.0
8383,0.0
8384,0.0
8385,0.0
8386,0.0
8387,0.0
8388,0.0
8389,0.0
8390,0.0
8391,0.0
8392,0.0
8393,0.0
8394,0.0
8395,6.2526197552870144E-9
8396,0.0
8397,0.0
8398,5.93998095155257E-9
8399,0.0
8400,0.0
8401,0.0
8402,0.0
8403,5.642988298859564E-9
8404,0.0
8405,0.0
8406,0.0
8407,0.0
8408,5.454282359096396E-9
8409,0.0
8410,0.0
8411,5.270351266517537E-9
8412,5.006825176678831E-9
8413,0.0
8414,0.0
8415,0.0
8416,0.0
8417,0.0
8418,0.0
8419,0.0
8420,0.0
8421,0.0
8422,4.840828182750556E-9
8423,0.0
8424,0.0
8425,0.0
8426,0.0
8427,0.0
8428,0.0
8429,0.0
8430,0.0
8431,0.0
8432,0.0
8433,0.0
8434,0.0
8435,0.0
8436,0.0
8437,0.0
8438,0.0
8439,0.0
8440,0.0
8441,0.0
8442,0.0
8443,0.0
8444,0.0
8445,0.0
8446,0.0
8447,0.0
8448,0.0
8449,0.0
8450,0.0
8451,4.6789097041255445E-9
8452,0.0
8453,0.0
8454,0.0
8455,0.0
8456,0.0
8457,0.0
8458,0.0
8459,4.521069740803796E-9
8460,0.0
8461,0.0
8462,0.0
8463,0.0
8464,0.0
8465,0.0
8466,0.0
8467,0.0
8468,0.0
8469,0.0
8470,0.0
8471,0.0
8472,0.0
8473,0.0
8474,0.0
8475,0.0
8476,4.295017674849078E-9
8477,0.0
8478,0.0
8479,0.0
8480,0.0
8481,0.0
8482,0.0
8483,0.0
8484,0.0
8485,0.0
8486,0.0
8487,0.0
8488,0.0
8489,0.0
8490,0.0
8491,0.0
8492,0.0
8493,0.0
8494,0.0
8495,0.0
8496,0.0
8497,0.0
8498,0.0
8499,0.0
8500,0.0
8501,0.0
8502,0.0
8503,0.0
8504,0.0
8505,0.0
8506,0.0
8507,0.0
8508,0.0
8509,0.0
8510,0.0
8511,0.0
8512,0.0
8513,0.0
8514,0.0
8515,0.0
8516,0.0
8517,0.0
8518,0.0
8519,4.286533794584102E-9
8520,0.0
8521,0.0
8522,0.0
8523,0.0
8524,0.0
8525,0.0
8526,0.0
8527,0.0
8528,0.0
8529,0.0
8530,0.0
8531,0.0
8532,0.0
8533,0.0
8534,0.0
8535,4.1341934320371365E-9
8536,0.0
8537,0.0
8538,0.0
8539,0.0
8540,3.927482339349808E-9
8541,0.0
8542,0.0
8543,0.0
8544,0.0
8545,0.0
8546,3.731116748895147E-9
8547,0.0
8548,3.6034606409884873E-9
8549,0.0
8550,0.0
8551,0.0
8552,0.0
8553,0.0
8554,3.4792293490681914E-9
8555,0.0
8556,0.0
8557,0.0
8558,0.0
8559,0.0
8560,0.0
8561,0.0
8562,0.0
8563,0.0
8564,0.0
8565,0.0
8566,0.0
8567,0.0
8568,0.0
8569,0.0
8570,0.0
8571,0.0
8572,0.0
8573,0.0
8574,0.0
8575,0.0
8576,0.0
8577,0.0
8578,0.0
8579,0.0
8580,0.0
8581,0.0
8582,0.0
8583,0.0
8584,0.0
8585,0.0
8586,0.0
8587,0.0
8588,0.0
8589,0.0
8590,0.0
8591,0.0
8592,0.0
8593,0.0
8594,0.0
8595,0.0
8596,0.0
8597,0.0
8598,0.0
8599,0.0
8600,0.0
8601,0.0
8602,0.0
8603,0.0
8604,0.0
8605,3.408928250792087E-9
8606,0.0
8607,0.0
8608,0.0
8609,0.0
8610,0.0
8611,3.286444894001761E-9
8612,0.0
8613,0.0
8614,0.0
8615,0.0
8616,0.0
8617,0.0
8618,0.0
8619,0.0
8620,0.0
8621,0.0
8622,0.0
8623,0.0
8624,0.0
8625,0.0
8626,0.0
8627,0.0
8628,0.0
8629,0.0
8630,0.0
8631,0.0
8632,0.0
8633,0.0
8634,0.0
8635,0.0
8636,0.0
8637,0.0
8638,0.0
8639,0.0
8640,0.0
8641,0.0
8642,0.0
8643,0.0
8644,0.0
8645,0.0
8646,0.0
8647,0.0
8648,3.167698992001533E-9
8649,0.0
8650,0.0
8651,0.0
8652,0.0
8653,0.0
8654,0.0
8655,0.0
8656,3.0093048053458915E-9
8657,0.0
8658,0.0
8659,0.0
8660,0.0
8661,0.0
8662,0.0
8663,0.0
8664,0.0
8665,0.0
8666,0.0
8667,0.0
8668,2.902140749938553E-9
8669,0.0
8670,0.0
8671,0.0
8672,2.79815992598742E-9
8673,0.0
8674,0.0
8675,0.0
8676,0.0
8677,0.0
8678,0.0
8679,0.0
8680,0.0
8681,0.0
8682,2.697333911783062E-9
8683,0.0
8684,0.0
8685,0.0
8686,0.0
8687,0.0
8688,0.0
8689,0.0
8690,0.0
8691,0.0
8692,0.0
8693,0.0
8694,0.0
8695,0.0
8696,0.0
8697,0.0
8698,2.5624586896810797E-9
8699,0.0
8700,0.0
8701,2.4343336235688184E-9
8702,0.0
8703,0.0
8704,0.0
8705,0.0
8706,0.0
8707,0.0
8708,2.349736405449221E-9
8709,0.0
8710,0.0
8711,0.0
8712,0.0
8713,0.0
8714,0.0
8715,0.0
8716,0.0
8717,0.0
8718,0.0
8719,0.0
8720,0.0
8721,0.0
8722,0.0
8723,0.0
8724,0.0
8725,2.3010215954855084E-9
8726,0.0
8727,0.0
8728,0.0
8729,0.0
8730,0.0
8731,0.0
8732,0.0
8733,0.0
8734,0.0
8735,0.0
8736,0.0
8737,0.0
8738,0.0
8739,0.0
8740,0.0
8741,0.0
8742,2.2177886194185703E-9
8743,0.0
8744,0.0
8745,0.0
8746,2.106901320075849E-9
8747,0.0
8748,2.0317827420512913E-9
8749,0.0
8750,0.0
8751,0.0
8752,0.0
8753,0.0
8754,0.0
8755,0.0
8756,0.0
8757,0.0
8758,0.0
8759,0.0
8760,0.0
8761,1.9302035525470274E-9
8762,0.0
8763,0.0
8764,0.0
8765,0.0
8766,0.0
8767,0.0
8768,0.0
8769,0.0
8770,0.0
8771,0.0
8772,0.0
8773,0.0
8774,0.0
8775,0.0
8776,0.0
8777,0.0
8778,0.0
8779,0.0
8780,0.0
8781,0.0
8782,0.0
8783,0.0
8784,0.0
8785,0.0
8786,0.0
8787,0.0
8788,0.0
8789,0.0
8790,0.0
8791,0.0
8792,0.0
8793,1.8336834273213753E-9
8794,0.0
8795,0.0
8796,0.0
8797,0.0
8798,0.0
8799,0.0
8800,0.0
8801,0.0
8802,0.0
8803,0.0
8804,0.0
8805,0.0
8806,0.0
8807,0.0
8808,0.0
8809,0.0
8810,0.0
8811,0.0
8812,0.0
8813,0.0
8814,0.0
8815,0.0
8816,0.0
8817,0.0
8818,0.0
8819,0.0
8820,0.0
8821,0.0
8822,0.0
8823,0.0
8824,0.0
8825,0.0
8826,0.0
8827,1.7707293409330305E-9
8828,0.0
8829,0.0
8830,1.682195716057322E-9
8831,0.0
8832,0.0
8833,0.0
8834,0.0
8835,0.0
8836,0.0
8837,0.0
8838,1.5980816669980413E-9
8839,0.0
8840,0.0
8841,0.0
8842,0.0
8843,0.0
8844,0.0
8845,0.0
8846,0.0
8847,0.0
8848,0.0
8849,0.0
8850,0.0
8851,0.0
8852,0.0
8853,1.5454588719876483E-9
8854,1.4941150539016235E-9
8855,0.0
8856,0.0
8857,0.0
8858,0.0
8859,0.0
8860,0.0
8861,0.0
8862,1.4440360018852516E-9
8863,0.0
8864,0.0
8865,0.0
8866,0.0
8867,1.3952217159385327E-9
8868,0.0
8869,0.0
8870,0.0
8871,0.0
8872,0.0
8873,0.0
8874,0.0
8875,0.0
8876,0.0
8877,0.0
8878,0.0
8879,0.0
8880,0.0
8881,0.0
8882,0.0
8883,0.0
8884,1.325460630141606E-9
8885,0.0
8886,1.2591954146046191E-9
8887,0.0
8888,0.0
8889,0.0
8890,0.0
8891,0.0
8892,0.0
8893,0.0
8894,0.0
8895,0.0
8896,0.0
8897,0.0
8898,0.0
8899,0.0
8900,0.0
8901,0.0
8902,1.196227117361559E-9
8903,0.0
8904,1.17975673674664E-9
8905,0.0
8906,1.1408332056817017E-9
8907,0.0
8908,0.0
8909,0.0
8910,0.0
8911,1.1028333801732515E-9
8912,0.0
8913,0.0
8914,0.0
8915,0.0
8916,1.065799892785435E-9
8917,0.0
8918,0.0
8919,0.0
8920,0.0
8921,0.0
8922,0.0
8923,0.0
8924,0.0
8925,0.0
8926,0.0
8927,0.0
8928,0.0
8929,0.0
8930,1.0460468047313043E-9
8931,0.0
8932,0.0
8933,0.0
8934,0.0
8935,0.0
8936,0.0
8937,0.0
8938,0.0
8939,1.0092691127283615E-9
8940,0.0
8941,0.0
8942,0.0
8943,0.0
8944,9.735430239743437E-10
8945,9.388685384692508E-10
8946,0.0
8947,0.0
8948,0.0
8949,0.0
8950,8.919300853449386E-10
8951,0.0
8952,0.0
8953,0.0
8954,0.0
8955,0.0
8956,0.0
8957,0.0
8958,0.0
8959,0.0
8960,0.0
8961,0.0
8962,0.0
8963,8.473364232486347E-10
8964,0.0
8965,0.0
8966,0.0
8967,0.0
8968,0.0
8969,8.049738653426175E-10
8970,0.0
8971,0.0
8972,0.0
8973,0.0
8974,0.0
8975,0.0
8976,0.0
8977,7.906635346444091E-10
8978,0.0
8979,0.0
8980,0.0
8981,0.0
8982,0.0
8983,0.0
8984,0.0
8985,0.0
8986,0.0
8987,0.0
8988,0.0
8989,0.0
8990,0.0
8991,0.0
8992,0.0
8993,0.0
8994,0.0
8995,0.0
8996,0.0
8997,7.511289368267171E-10
8998,0.0
8999,0.0
9000,0.0
9001,0.0
9002,0.0
9003,0.0
9004,0.0
9005,0.0
9006,7.255920309034991E-10
9007,6.893117188155884E-10
9008,0.0
9009,0.0
9010,0.0
9011,0.0
9012,0.0
9013,0.0
9014,0.0
9015,0.0
9016,0.0
9017,0.0
9018,0.0
9019,0.0
9020,0.0
9021,0.0
9022,0.0
9023,0.0
9024,0.0
9025,0.0
9026,0.0
9027,0.0
9028,0.0
9029,0.0
9030,0.0
9031,0.0
9032,0.0
9033,0.0
9034,0.0
9035,0.0
9036,0.0
9037,0.0
9038,0.0
9039,0.0
9040,0.0
9041,0.0
9042,6.662475016128155E-10
9043,6.437801403080812E-10
9044,0.0
9045,6.218812131919549E-10
9046,0.0
9047,0.0
9048,0.0
9049,0.0
9050,0.0
9051,0.0
9052,0.0
9053,0.0
9054,0.0
9055,0.0
9056,0.0
9057,0.0
9058,0.0
9059,0.0
9060,0.0
9061,0.0
9062,0.0
9063,0.0
9064,6.09858830102894E-10
9065,5.882014875169261E-10
9066,0.0
9067,0.0
9068,0.0
9069,5.671694225384272E-10
9070,5.388187673815992E-10
9071,0.0
9072,0.0
9073,0.0
9074,0.0
9075,0.0
9076,0.0
9077,0.0
9078,0.0
9079,0.0
9080,0.0
9081,0.0
9082,0.0
9083,0.0
9084,5.118749868415762E-10
9085,0.0
9086,0.0
9087,0.0
9088,0.0
9089,0.0
9090,0.0
9091,4.942535269947257E-10
9092,0.0
9093,0.0
9094,0.0
9095,0.0
9096,0.0
9097,0.0
9098,0.0
9099,0.0
9100,0.0
9101,0.0
9102,0.0
9103,0.0
9104,0.0
9105,0.0
9106,0.0
9107,0.0
9108,4.771010253534769E-10
9109,0.0
9110,0.0
9111,4.532552111413679E-10
9112,0.0
9113,0.0
9114,4.3777959035651293E-10
9115,0.0
9116,0.0
9117,0.0
9118,4.227160843583988E-10
9119,0.0
9120,0.0
9121,0.0
9122,0.0
9123,0.0
9124,0.0
9125,0.0
9126,0.0
9127,0.0
9128,0.0
9129,0.0
9130,0.0
9131,0.0
9132,0.0
9133,0.0
9134,0.0
9135,0.0
9136,4.0807890400174074E-10
9137,0.0
9138,0.0
9139,0.0
9140,0.0
9141,0.0
9142,3.8767211663071066E-10
9143,0.0
9144,0.0
9145,0.0
9146,0.0
9147,0.0
9148,0.0
9149,0.0
9150,3.6828851079917513E-10
9151,0.0
9152,0.0
9153,0.0
9154,0.0
9155,0.0
9156,0.0
9157,0.0
9158,0.0
9159,0.0
9160,0.0
9161,0.0
9162,0.0
9163,0.0
9164,0.0
9165,3.56038754034671E-10
9166,0.0
9167,0.0
9168,0.0
9169,0.0
9170,0.0
9171,0.0
9172,0.0
9173,0.0
9174,0.0
9175,0.0
9176,0.0
9177,0.0
9178,0.0
9179,0.0
9180,3.382325530765229E-10
9181,0.0
9182,0.0
9183,0.0
9184,0.0
9185,0.0
9186,3.213216359654325E-10
9187,0.0
9188,3.0526337013725424E-10
9189,0.0
9190,0.0
9191,0.0
9192,0.0
9193,0.0
9194,0.0
9195,0.0
9196,0.0
9197,0.0
9198,0.0
9199,0.0
9200,2.900009121731273E-10
9201,0.0
9202,0.0
9203,0.0
9204,0.0
9205,0.0
9206,0.0
9207,0.0
9208,0.0
9209,0.0
9210,0.0
9211,0.0
9212,2.8134650165156927E-10
9213,0.0
9214,0.0
9215,0.0
9216,0.0
9217,0.0
9218,0.0
9219,0.0
9220,0.0
9221,0.0
9222,0.0
9223,0.0
9224,0.0
9225,0.0
9226,0.0
9227,0.0
9228,0.0
9229,0.0
9230,2.672777554835193E-10
9231,0.0
9232,0.0
9233,0.0
9234,0.0
9235,0.0
9236,0.0
9237,0.0
9238,2.539195520512294E-10
9239,0.0
9240,0.0
9241,0.0
9242,0.0
9243,0.0
9244,0.0
9245,0.0
9246,0.0
9247,0.0
9248,0.0
9249,0.0
9250,0.0
9251,0.0
9252,0.0
9253,0.0
9254,0.0
9255,0.0
9256,0.0
9257,0.0
9258,0.0
9259,0.0
9260,0.0
9261,0.0
9262,0.0
9263,0.0
9264,0.0
9265,0.0
9266,0.0
9267,0.0
9268,0.0
9269,0.0
9270,0.0
9271,0.0
9272,0.0
9273,0.0
9274,0.0
9275,0.0
9276,0.0
9277,0.0
9278,0.0
9279,0.0
9280,0.0
9281,0.0
9282,0.0
9283,0.0
9284,0.0
9285,0.0
9286,0.0
9287,0.0
9288,0.0
9289,0.0
9290,0.0
9291,0.0
9292,0.0
9293,0.0
9294,0.0
9295,0.0
9296,0.0
9297,2.5207214093825314E-10
9298,0.0
9299,0.0
9300,0.0
9301,0.0
9302,0.0
9303,0.0
9304,0.0
9305,0.0
9306,0.0
9307,0.0
9308,0.0
9309,2.3946711280586896E-10
9310,0.0
9311,0.0
9312,0.0
9313,0.0
9314,2.2750157313566888E-10
9315,0.0
9316,0.0
9317,0.0
9318,0.0
9319,2.2113511022325838E-10
9320,0.0
9321,0.0
9322,0.0
9323,2.148539124391391E-10
9324,0.0
9325,0.0
9326,0.0
9327,0.0
9328,0.0
9329,0.0
9330,0.0
9331,0.0
9332,0.0
9333,0.0
9334,0.0
9335,0.0
9336,0.0
9337,0.0
9338,0.0
9339,0.0
9340,0.0
9341,0.0
9342,0.0
9343,0.0
9344,0.0
9345,0.0
9346,2.170423840652802E-10
9347,0.0
9348,0.0
9349,0.0
9350,0.0
9351,0.0
9352,0.0
9353,0.0
9354,0.0
9355,0.0
9356,0.0
9357,0.0
9358,0.0
9359,0.0
9360,0.0
9361,0.0
9362,0.0
9363,0.0
9364,0.0
9365,0.0
9366,2.1375967662606854E-10
9367,0.0
9368,0.0
9369,0.0
9370,0.0
9371,0.0
9372,0.0
9373,0.0
9374,2.0307311388023663E-10
9375,0.0
9376,0.0
9377,0.0
9378,0.0
9379,0.0
9380,0.0
9381,0.0
9382,0.0
9383,0.0
9384,0.0
9385,1.964224338735221E-10
9386,0.0
9387,0.0
9388,0.0
9389,0.0
9390,0.0
9391,0.0
9392,0.0
9393,0.0
9394,0.0
9395,0.0
9396,0.0
9397,0.0
9398,0.0
9399,0.0
9400,0.0
9401,0.0
9402,0.0
9403,0.0
9404,1.8994228412338998E-10
9405,0.0
9406,1.836042429204099E-10
9407,0.0
9408,0.0
9409,0.0
9410,0.0
9411,0.0
9412,1.744240307743894E-10
9413,0.0
9414,0.0
9415,0.0
9416,0.0
9417,0.0
9418,0.0
9419,0.0
9420,1.6569856597925536E-10
9421,0.0
9422,0.0
9423,0.0
9424,0.0
9425,0.0
9426,0.0
9427,0.0
9428,0.0
9429,0.0
9430,0.0
9431,0.0
9432,0.0
9433,0.0
9434,0.0
9435,0.0
9436,0.0
9437,0.0
9438,0.0
9439,0.0
9440,0.0
9441,0.0
9442,0.0
9443,0.0
9444,0.0
9445,0.0
9446,1.6042633887991542E-10
9447,0.0
9448,0.0
9449,1.524114168205415E-10
9450,0.0
9451,0.0
9452,0.0
9453,0.0
9454,0.0
9455,0.0
9456,0.0
9457,1.4763656963623362E-10
9458,0.0
9459,0.0
9460,0.0
9461,1.4554757399309892E-10
9462,0.0
9463,0.0
9464,0.0
9465,0.0
9466,0.0
9467,0.0
9468,0.0
9469,0.0
9470,1.382716163789155E-10
9471,0.0
9472,0.0
9473,0.0
9474,0.0
9475,0.0
9476,0.0
9477,0.0
9478,0.0
9479,0.0
9480,1.3380940799834207E-10
9481,0.0
9482,0.0
9483,0.0
9484,0.0
9485,0.0
9486,1.2711609542748192E-10
9487,0.0
9488,0.0
9489,0.0
9490,0.0
9491,0.0
9492,0.0
9493,0.0
9494,0.0
9495,0.0
9496,0.0
9497,0.0
9498,0.0
9499,0.0
9500,0.0
9501,0.0
9502,0.0
9503,0.0
9504,1.2308021268836455E-10
9505,0.0
9506,0.0
9507,0.0
9508,0.0
9509,0.0
9510,0.0
9511,0.0
9512,0.0
9513,0.0
9514,0.0
9515,1.191438059322536E-10
9516,0.0
9517,0.0
9518,0.0
9519,0.0
9520,0.0
9521,0.0
9522,0.0
9523,0.0
9524,0.0
9525,0.0
9526,0.0
9527,0.0
9528,0.0
9529,0.0
9530,0.0
9531,1.1318945780658396E-10
9532,0.0
9533,0.0
9534,0.0
9535,0.0
9536,1.0962253327306826E-10
9537,0.0
9538,0.0
9539,0.0
9540,0.0
9541,0.0
9542,0.0
9543,0.0
9544,0.0
9545,0.0
9546,0.0
9547,0.0
9548,0.0
9549,0.0
9550,0.0
9551,0.0
9552,0.0
9553,0.0
9554,1.0415135420771549E-10
9555,0.0
9556,1.0092549018736463E-10
9557,0.0
9558,0.0
9559,0.0
9560,0.0
9561,0.0
9562,0.0
9563,0.0
9564,0.0
9565,0.0
9566,0.0
9567,0.0
9568,0.0
9569,9.778489129530499E-11
9570,9.28963572732755E-11
9571,0.0
9572,9.00399754755199E-11
9573,8.554934538551606E-11
9574,0.0
9575,0.0
9576,0.0
9577,0.0
9578,0.0
9579,0.0
9580,0.0
9581,0.0
9582,0.0
9583,0.0
9584,0.0
9585,0.0
9586,0.0
9587,0.0
9588,0.0
9589,0.0
9590,0.0
9591,0.0
9592,0.0
9593,0.0
9594,0.0
9595,0.0
9596,0.0
9597,0.0
9598,0.0
9599,0.0
9600,0.0
9601,0.0
9602,0.0
9603,0.0
9604,0.0
9605,0.0
9606,0.0
9607,0.0
9608,8.29771806820645E-11
9609,0.0
9610,0.0
9611,0.0
9612,0.0
9613,0.0
9614,0.0
9615,0.0
9616,0.0
9617,0.0
9618,0.0
9619,0.0
9620,0.0
9621,8.044764854275854E-11
9622,0.0
9623,0.0
9624,0.0
9625,0.0
9626,0.0
9627,0.0
9628,0.0
9629,0.0
9630,0.0
9631,0.0
9632,0.0
9633,0.0
9634,7.79749598223134E-11
9635,0.0
9636,0.0
9637,0.0
9638,0.0
9639,0.0
9640,0.0
9641,0.0
9642,0.0
9643,0.0
9644,0.0
9645,0.0
9646,0.0
9647,0.0
9648,0.0
9649,0.0
9650,0.0
9651,0.0
9652,0.0
9653,0.0
9654,0.0
9655,0.0
9656,0.0
9657,0.0
9658,0.0
9659,7.408118563034805E-11
9660,0.0
9661,0.0
9662,0.0
9663,0.0
9664,0.0
9665,0.0
9666,0.0
9667,0.0
9668,0.0
9669,0.0
9670,0.0
9671,0.0
9672,0.0
9673,0.0
9674,0.0
9675,0.0
9676,0.0
9677,0.0
9678,0.0
9679,0.0
9680,0.0
9681,0.0
9682,0.0
9683,0.0
9684,0.0
9685,0.0
9686,0.0
9687,0.0
9688,0.0
9689,0.0
9690,0.0
9691,0.0
9692,0.0
9693,0.0
9694,0.0
9695,0.0
9696,0.0
9697,0.0
9698,0.0
9699,0.0
9700,0.0
9701,0.0
9702,0.0
9703,0.0
9704,0.0
9705,0.0
9706,0.0
9707,0.0
9708,0.0
9709,0.0
9710,0.0
9711,0.0
9712,0.0
9713,0.0
9714,0.0
9715,0.0
9716,0.0
9717,0.0
9718,0.0
9719,0.0
9720,0.0
9721,0.0
9722,0.0
9723,0.0
9724,0.0
9725,0.0
9726,0.0
9727,0.0
9728,0.0
9729,7.700862170167966E-11
9730,0.0
9731,0.0
9732,0.0
9733,0.0
9734,0.0
9735,0.0
9736,7.315748007385992E-11
9737,0.0
9738,0.0
9739,0.0
9740,0.0
9741,0.0
9742,0.0
9743,0.0
9744,0.0
9745,0.0
9746,0.0
9747,0.0
9748,0.0
9749,0.0
9750,0.0
9751,0.0
9752,0.0
9753,0.0
9754,0.0
9755,0.0
9756,0.0
9757,0.0
9758,0.0
9759,0.0
9760,7.062794793455396E-11
9761,0.0
9762,0.0
9763,0.0
9764,0.0
9765,0.0
9766,0.0
9767,0.0
9768,0.0
9769,0.0
9770,0.0
9771,0.0
9772,6.816947006882401E-11
9773,0.0
9774,0.0
9775,0.0
9776,0.0
9777,0.0
9778,0.0
9779,0.0
9780,6.477307579189073E-11
9781,0.0
9782,0.0
9783,0.0
9784,0.0
9785,6.255618245631922E-11
9786,0.0
9787,0.0
9788,0.0
9789,0.0
9790,0.0
9791,0.0
9792,0.0
9793,0.0
9794,6.039613253960852E-11
9795,5.738343133998569E-11
9796,0.0
9797,0.0
9798,0.0
9799,0.0
9800,0.0
9801,0.0
9802,0.0
9803,0.0
9804,0.0
9805,0.0
9806,0.0
9807,0.0
9808,0.0
9809,0.0
9810,0.0
9811,0.0
9812,0.0
9813,0.0
9814,0.0
9815,0.0
9816,0.0
9817,0.0
9818,0.0
9819,0.0
9820,0.0
9821,0.0
9822,0.0
9823,0.0
9824,0.0
9825,0.0
9826,0.0
9827,0.0
9828,0.0
9829,0.0
9830,0.0
9831,0.0
9832,5.5436544244003017E-11
9833,0.0
9834,0.0
9835,0.0
9836,0.0
9837,0.0
9838,0.0
9839,0.0
9840,5.2665427574538626E-11
9841,0.0
9842,0.0
9843,5.090328158985358E-11
9844,0.0
9845,0.0
9846,0.0
9847,0.0
9848,0.0
9849,4.835953859583242E-11
9850,0.0
9851,0.0
9852,0.0
9853,0.0
9854,9.042366855283035E-11
9855,0.0
9856,0.0
9857,0.0
9858,0.0
9859,0.0
9860,0.0
9861,0.0
9862,0.0
9863,0.0
9864,0.0
9865,0.0
9866,0.0
9867,0.0
9868,0.0
9869,0.0
9870,0.0
9871,0.0
9872,4.452260782272788E-11
9873,0.0
9874,0.0
9875,0.0
9876,0.0
9877,0.0
9878,0.0
9879,0.0
9880,0.0
9881,0.0
9882,0.0
9883,0.0
9884,4.361311312095495E-11
9885,0.0
9886,0.0
9887,0.0
9888,0.0
9889,0.0
9890,4.143885234952904E-11
9891,0.0
9892,0.0
9893,0.0
9894,0.0
9895,0.0
9896,0.0
9897,3.9975134313863236E-11
9898,0.0
9899,0.0
9900,0.0
9901,0.0
9902,0.0
9903,3.7971403799019754E-11
9904,0.0
9905,0.0
9906,0.0
9907,0.0
9908,0.0
9909,3.608136012189789E-11
9910,0.0
9911,0.0
9912,0.0
9913,0.0
9914,0.0
9915,0.0
9916,0.0
9917,0.0
9918,0.0
9919,0.0
9920,0.0
9921,0.0
9922,0.0
9923,0.0
9924,0.0
9925,3.427658157306723E-11
9926,0.0
9927,0.0
9928,3.313971319585107E-11
9929,0.0
9930,0.0
9931,0.0
9932,0.0
9933,0.0
9934,0.0
9935,0.0
9936,0.0
9937,0.0
9938,0.0
9939,3.149125404888764E-11
9940,0.0
9941,3.0468072509393096E-11
9942,2.9459101824613754E-11
9943,0.0
9944,2.7995383788947947E-11
9945,0.0
9946,0.0
9947,0.0
9948,0.0
9949,0.0
9950,0.0
9951,0.0
9952,0.0
9953,0.0
9954,2.658850917214295E-11
9955,0.0
9956,0.0
9957,0.0
9958,0.0
9959,0.0
9960,0.0
9961,0.0
9962,0.0
9963,0.0
9964,0.0
9965,0.0
9966,0.0
9967,0.0
9968,0.0
9969,0.0
9970,0.0
9971,0.0
9972,0.0
9973,0.0
9974,0.0
9975,0.0
9976,0.0
9977,0.0
9978,0.0
9979,0.0
9980,0.0
9981,0.0
9982,0.0
9983,0.0
9984,0.0
9985,0.0
9986,0.0
9987,0.0
9988,0.0
9989,0.0
9990,0.0
9991,0.0
9992,0.0
9993,0.0
9994,2.6687985155149363E-11
9995,0.0
9996,0.0
9997,0.0
9998,0.0
9999,0.0
