0,100.0
1,-4.997500499950007
3,-2.4989995254898076
7,-1.2470021265803126
9,-0.6251778809081685
11,-0.3138971400532853
12,-0.15774617260191803
13,-0.07931310313314555
14,-0.039905461952386645
15,-0.02008190300274748
16,-0.010109942206469213
17,-2.2209280461955245
19,1.0945510268665686
20,-1.6598448887268376
21,-0.8392704592729388
23,-0.42596011761099817
24,-0.217207708420176
25,0.3927083292286113
26,-0.2973656867283694
27,-41.88891816047177
59,18.50322342166328
98,9.140867184452965
99,4.6392883578986925
100,2.4202648404946814
101,0.30586063221197435
102,0.11122329020371069
103,-0.2438563080403071
104,-0.6652101097663063
105,-37.57833168680346
119,17.16320900805419
120,15.252393725772436
121,5.931997856187948
122,9.956738366933394
123,-1.5975656493041583
124,6.003759758952398
125,-3.678434814371613
126,-2.944206977244505
127,-41.46913960972432
135,14.513876241403395
136,7.394728570284698
137,3.9037384861111946
138,2.419382663698684
139,1.881499033703406
141,0.6965743412845882
142,-55.78412567400635
186,26.57586402669928
187,14.184615181912974
188,7.516994141472054
189,2.904650974357139
190,1.6567739770814711
191,0.060991137774578874
192,0.07303800335446908
194,-0.49761434894081447
196,12.504579030016757
197,-6.0840466869111225
198,-3.2778117299887697
199,-54.78596620926444
200,-30.081074622609496
201,-25.429705185147522
256,49.58217612438958
257,28.298702347659088
266,13.072156704684708
267,11.037309291023213
269,1.6158323799515983
270,0.34055638816491296
271,-0.002369556159706576
272,-1.3570904582854126
273,4.369227007742154
274,3.3392064261805814
275,-20.157379155375338
276,10.931790373201451
277,6.211216467764089
278,0.343835183271068
279,-2.477679214855854
280,3.5169435984143576
281,1.9679980263028796
282,-9.262280616277337
283,-20.06553368217982
284,2.476662902572201
285,4.793115783627435
286,4.828610489327872
287,4.0385411818275045
288,2.7895932179448835
289,4.236514873798072
290,13.141202388572069
293,-7.51727801543251
295,-4.750459665674811
296,-2.67258657436507
297,-2.740516843975726
298,-0.8500992406602563
299,-0.07026220957074258
300,4.960681653704043
301,4.690689081909326
302,-4.014381107359071
303,-59.09540088677003
310,24.747969403040514
311,14.865710274409516
312,8.621614078195307
313,1.9903400500019615
316,-0.06305631304667969
317,-59.58580674101313
369,23.1883668203353
370,13.413939279473059
371,9.242364932778479
372,6.186542692392337
373,2.1241145034115974
374,-1.6712637230209282
375,-1.9381434282243433
376,-3.1094954168104536
377,-3.7057884562436385
378,-6.969650527924564
379,-0.5484382860701587
380,2.458903002858527
381,-4.1299135035886465
382,26.673426103327223
383,-14.992602197056115
384,-10.746774154370428
385,-6.504722000108615
386,-2.1299242480271587
387,-6.432851681329421
388,0.7152045004278378
389,-2.0813339308267267
390,-1.5223167203581731
391,8.830557224662837
392,-4.767780079729839
393,3.717891008141926
394,10.292262066757893
395,-4.489545297939152
400,-5.518773691611411
401,-4.388001279223289
403,-2.666117340212672
404,-3.2349825627476108
406,-7.626510920975367
410,-2.0044001180910964
413,19.851756635221683
414,-16.417727704804214
415,-13.021577856161677
420,-32.82963285522257
430,30.563920212751164
432,13.705313240581129
433,29.36231079326498
434,-49.36157821792372
443,16.224750583171094
444,7.932445037032128
445,7.347905777003703
446,-19.750797063853838
447,-12.536083159109792
448,-8.079478826823111
451,16.39419611519591
452,6.139079732892127
453,4.568224975526456
454,-19.176985428296533
455,37.587995409830874
456,-23.83498202785377
457,-16.38139318804377
458,-10.392590560484969
465,21.534031973780557
466,3.4868871474460925
467,0.8188326490252771
469,0.17792253063263752
470,-18.66921996307524
471,-11.148491009350046
475,-7.861233632231524
492,15.045146095115257
494,7.764725809094019
495,3.6675173938241272
496,-16.012818665482875
497,-9.360010476781092
512,20.75013882062162
513,37.857422386645865
514,-11.782085875905107
515,-18.207031637074437
516,42.22520151933795
517,-25.439072779922284
518,-17.032086315314633
519,-11.933878121662321
521,3.0342848216498286
522,3.4196948810117327
523,-29.50225065175622
533,17.985277648682878
534,3.046444034737437
535,0.8295429070091771
536,-0.5251559750447754
537,-0.9309269002053142
538,-0.8220942317369015
539,-0.5281980736710103
542,-0.9035374377248182
543,-0.7526885883491907
545,-1.2003185616396514
546,9.157150588812247
547,45.53608662279869
548,-13.632314215437383
550,2.038912254613411
551,-6.45626459971654
552,-9.234001429098699
553,-9.96133631780607
554,-7.526787143821908
555,-5.175271215638192
556,14.902106680522254
557,6.337855432165604
558,-34.46138114038707
559,-17.86379110383988
571,22.448827843077797
572,12.09899359942209
573,4.713136616601428
574,0.23561521290741894
575,-2.092538572233213
576,-1.282722491759337
577,-0.7865049795342607
578,-2.0175650919102495
579,13.490940862137574
580,-1.5350402959679332
581,-30.663462469484926
582,45.67947589534775
583,-34.13386429648587
584,-22.40757729932856
585,-13.768827742032478
610,16.509137536320708
614,12.729486547469875
615,-20.364525791618284
638,18.403228685589596
639,-12.964075025303401
640,-11.042306548058399
646,17.494795381105753
647,-15.282764076328618
648,-10.672532345778194
715,11.478496898478461
722,6.893068790736969
723,4.372155291640176
724,2.56931150611198
725,15.253185036363377
726,13.0687793265391
727,7.117469004656231
728,4.203059843020162
729,2.2286558307413693
730,1.318605618623923
731,0.5724457302306287
732,0.029657305311578508
733,-2.1357956908035227
734,-2.7571292406200945
736,-3.633696211979535
737,-3.7740732366182437
738,-3.4638301648093197
739,41.270677536775075
741,-6.37489485318401
742,-12.581077833590367
743,-12.138028655512553
744,-8.322035367856673
745,-7.943401077448518
746,-5.503741082556356
747,-3.5166930977833317
748,-7.813294379687484
749,2.8437661998698474
750,14.345723324680684
751,-24.468790232452314
752,-15.766135093811712
763,57.280792948999654
764,3.036538584370987
765,-1.849394629573848
766,-10.941150678121101
767,-9.582874650892968
768,47.292478211740594
769,-11.348078648701742
770,-7.292051268280295
771,-4.554998802373627
772,-2.8435900076486536
774,29.12722248284441
775,-28.173906530154348
776,-8.273713016603232
777,-1.5949293390610606
778,-2.164009325848493
779,-15.115921406774289
780,-2.215879877252263
781,-1.428077228086309
783,-0.5706852433738234
784,11.412952999964464
785,2.825906959010208
786,-1.826919732858702
787,-4.001085896386705
788,-6.143418523855182
789,-10.7234203038586
790,-4.109039923938617
791,4.356655058091576
792,14.975684338137789
793,6.739616076467016
795,0.9164902269227504
796,-0.6300686771534565
797,-1.6781607488966408
798,-2.140224933491748
799,-2.8159182067723876
800,-3.6202765679232947
801,-4.198673716469454
802,-3.387631741588315
803,-2.4917254296758955
805,-2.6621383987748146
806,-6.978019132858165
807,4.103127936609823
813,-0.16836433433488907
814,-0.3966128735279568
815,-0.710148089477677
817,-0.5292084243044712
818,50.60286331104685
819,-18.12068654883124
820,-12.377394567416317
821,-8.101648727106902
822,-5.33887887346733
823,-2.0999648030856974
824,-3.2243101316448275
825,15.194039222602832
826,3.3587470036865774
827,-2.26987168901476
829,-6.49150981056259
830,-5.552450588714024
831,-12.748267499786614
832,6.3593740466542314
833,-7.733009977678158
836,3.7609329456714207
837,9.838766304072543
838,17.10178731398228
839,4.672490535601938
840,-0.3752337481499701
841,-17.299312940535184
842,-11.840788285765328
843,-7.809946798165612
844,-5.382872468946061
852,10.651421886173495
853,4.947643328608159
854,-8.306723066503622
855,-6.474783694398802
856,-4.25488254684052
890,13.637192528308532
891,-3.0626837866673853
892,-4.430391287547771
897,-4.959940408216909
925,10.7783608606886
926,-6.9894849762418545
927,-4.907697647147565
973,11.55949767893658
974,45.46637915184719
975,-10.809750168714395
977,-11.50775859667025
978,-2.3840520069615145
979,-1.8380183035224285
980,-1.8827857569904722
981,-2.25174011743961
982,-2.6985896337102986
983,-1.0191126964992847
984,-6.25529839787982
985,-5.0361659757734
993,2.8204885968197857
994,1.1287998939097008
995,0.7261055554946481
996,-12.350610756385173
1017,4.195135151146296
1018,2.5527637109237205
1019,2.7031095399602876
1020,-7.162260057155343
1021,11.69431609882723
1022,1.9664167502359433
1023,1.989742511396173
1024,-4.076269556182957
1025,46.61800830796591
1026,-31.192971227269055
1027,0.38134884329491214
1028,0.509092748546383
1029,34.16018490053561
1030,-13.928507536674527
1031,-9.12204398604499
1032,-22.345388813268386
1033,-3.5428882088694706
1034,-3.3238726024275778
1035,-2.372581187558218
1036,10.981252739885363
1037,7.512647052940004
1038,2.3216512254869137
1039,32.258469960787636
1040,-12.219835305735993
1041,-9.850435682767992
1042,-14.801772963484584
1043,-5.947595520165734
1044,-3.5449210127525177
1045,-3.531786592779852
1049,-5.33287974833069
1072,47.494977355004124
1073,-11.221025358159835
1074,-8.181394358906132
1075,-6.123332522398648
1076,-5.366385504982006
1077,-16.460907955067
1078,1.398103482458687
1079,4.561331214107277
1080,3.5058182868150354
1081,2.0377391018542497
1082,0.47406404352901177
1083,-0.6579250942434882
1084,-1.313433568240164
1087,-1.4698676836444378
1088,-1.2784313053304714
1089,35.90879951051948
1090,-14.70631113576211
1091,-9.730581758698978
1092,-5.0625182878229396
1093,-1.334675938764768
1094,3.7172880715692074
1095,2.5758919928223705
1096,-0.9984138892647394
1097,3.3680084108068584
1098,40.37825718719949
1099,-9.334668369086495
1100,-11.702694514103747
1101,-7.48352349603052
1102,-5.7501136484745174
1103,38.44327925845731
1104,-15.73733565493023
1105,-14.403570013041655
1106,-9.634769463399468
1107,-6.865752834261972
1108,-5.08827992636936
1109,-3.7923929246635524
1110,-2.8456281533597405
1111,-1.971700643806244
1121,10.565139173388559
1122,-15.939530341762804
1124,6.5538622266296045
1125,2.839108244247953
1126,0.7115540815380683
1127,-14.165532843141825
1131,5.48537650698551
1132,0.8302610494746929
1133,0.5683706122586472
1134,0.4005948129115353
1135,0.24982822458832743
1136,2.7759555890369754
1137,2.8030549352092393
1138,2.5619379300597913
1139,1.3485023056641765
1140,-0.0534819686718393
1141,-1.2136136887541085
1142,11.259037564587878
1143,3.1345774351517797
1144,-1.1836403582875619
1145,0.32546468573438503
1146,-0.2612426024098333
1147,-1.4321762532544149
1148,-7.737777566528855
1149,-0.6039614187781694
1150,0.5560324368936946
1151,1.3325324888412666
1152,4.153624630953644
1153,5.165036899542091
1154,4.181147191910643
1155,2.30882360940792
1156,-10.506039898499811
1157,3.396243940272605
1158,0.6366458807913524
1159,-1.3324688288042879
1160,38.15613822218728
1161,-14.049584978026937
1162,-11.495202424068342
1163,-9.504870899147361
1164,3.169845754500532
1165,-1.7509579790938972
1166,-3.1446995938999933
1167,-3.3070346361904477
1168,-3.0939759519837438
1169,-2.8007196615798264
1170,-2.649239936160285
1171,-2.6362733782071217
1173,-4.247938050758442
1174,1.4676780887998504
1176,3.221941916076439
1177,-11.792057346030653
1178,-11.07109712257084
1191,7.671705291926706
1192,7.5862055098735155
1193,1.3946824952214527
1194,-11.944643728636613
1195,-9.13607229063313
1203,6.72674918920449
1206,4.653357259595033
1219,3.1115855486465662
1221,-6.431523762010336
1251,45.581949487480685
1252,-15.322765903099075
1253,-2.753862042158225
1254,6.4890214757768945
1255,1.651429878199668
1256,35.32695875718119
1257,-11.59466465653625
1258,14.05934172713723
1259,-13.791718399316528
1260,-9.99105424150312
1261,-6.409754781755613
1262,-4.057720092174449
1263,-3.1458440595709725
1264,9.38772775554675
1265,-7.174653695141094
1266,-1.0925577710934604
1267,-1.575905299898718
1268,1.811647806419245
1269,1.068718924629863
1270,0.32804184303574146
1271,0.22833331713366434
1272,-1.0734732354232541
1273,34.272041143274016
1274,-26.984286090389784
1275,-19.896738749840047
1276,-14.662541060125449
1277,-10.799570321703527
1323,13.61842174826456
1325,9.237782832271733
1326,11.570245466020154
1327,1.0646071678180107
1328,-0.3902637208478339
1329,-12.13132860385371
1331,-10.456456407502777
1332,-8.687800601629831
1344,9.189183705670857
1345,6.339380923899235
1346,1.9620519728307642
1347,3.931047086566693
1348,5.273456325489963
1349,-0.23146015475512272
1350,5.727975265743289
1351,2.7194272509969473
1352,-16.82889290704527
1353,-12.841036459335328
1354,-9.686325180539434
1393,10.482359053398632
1417,3.715089855123665
1418,-3.603195656723038
1419,-0.09428649049252869
1420,3.8895369228808576
1421,-0.22971399186355512
1422,-1.4048704974571251
1423,-1.9535740259070096
1424,-2.3942684932367015
1425,-2.4740110763932606
1490,7.136844837155181
1491,5.3187733577513825
1492,-6.104781085090899
1509,-3.364588268315245
1514,-5.853889282633702
1534,6.7827393827029
1588,4.637274056273803
1589,2.9883677766105308
1590,33.041612097102586
1591,-18.440909415880693
1592,-14.175447316934314
1593,-10.85586491940915
1595,-8.306990693986755
1601,9.65838035254049
1633,10.187666675814413
1634,1.1350642272850138
1635,-2.1405672733393217
1636,-4.783751804075351
1637,-4.552818983880776
1638,-4.175690984685218
1660,11.042008597153227
1661,4.944362666242135
1662,1.057251643560292
1663,2.0050275635703656
1664,10.085547245512014
1665,-10.199172549264897
1666,-6.223720284380548
1667,1.6778444005343545
1668,-0.976344913579787
1669,-2.5110825457505612
1670,-3.302501754638527
1671,-3.7053609985063005
1672,-1.5022167420522052
1673,-2.261122593556344
1700,8.070164129308104
1701,27.850080843192003
1702,-1.2766284980396705
1703,-14.256063295010001
1704,-12.024766486438274
1705,-9.335982546743772
1706,-7.256038625921327
1712,10.286302210032822
1718,49.205993404832725
1719,17.361360011443193
1720,-29.717257207187902
1721,-11.173660970792067
1722,-9.060944275433656
1723,-7.050936459949902
1724,-5.844786531619235
1725,-4.75458040269551
1726,-3.857436932872595
1730,-1.6332688954427823
1732,23.27549812190852
1733,-15.851022244854349
1734,-8.024778717946567
1759,6.029258146143398
1846,1.0093647197246014
1939,16.48279873187709
1940,5.050348789642619
1941,1.5140322273786886
1942,1.3137793274938723
1943,-11.568970809283812
1944,2.8210509250251476
1945,1.619774406974571
1946,0.5718710536246903
1947,0.6443537630594847
1948,1.0051716189999098
1949,0.3056055010916694
1950,0.1120386543976366
1951,-1.7729035527391943
1952,-0.8172101305164361
1953,-1.019671485070404
1954,-0.8216809882543856
1955,1.80128736431584E-4
1956,0.42779966060028585
1957,1.0325792578636808
1958,0.7445805405753063
1959,0.2348443084527858
1960,1.940641012882935
1961,1.2909754760833607
1962,1.3389932305797032
1963,1.011295084957517
1964,0.49766954505316363
1965,19.300185045572498
1966,-7.4170944732294615
1967,-3.1335608347892823
1968,-2.8978296210797936
1969,-1.743562202452118
1970,-1.2664610029579748
1971,-0.24903423753726628
1972,3.3320617787818847
1973,3.7871493944012258
1975,0.15030416133399527
1976,-0.3377535690499869
1977,-0.8689879115445294
1978,23.254042626691852
1979,-5.6222087256969155
1980,-5.164144958471989
1981,-13.5193965891001
1982,-3.2450883570194726
1985,-2.8422368618193126
1986,-2.657744955428477
1987,13.984862091698798
1988,-5.81511386995891
1991,-3.3263393422530854
1992,-3.4985767877658773
1993,24.676461140761802
1994,-7.050048214260713
1995,-6.0870448234347485
1996,-5.195026068753755
1997,-4.209841286848626
1998,-8.508166779530587
1999,-1.3353508207889675
2000,-0.8791697232114188
2001,-2.3665619498214383
2002,-0.14500713880907767
2003,0.22099040910249101
2004,0.08058678832409782
2005,26.551151974508866
2006,-5.077439287302155
2007,-8.095450091408374
2008,-5.940353849335235
2009,-2.2258607601783993
2010,-4.9739611890435995
2011,-1.0573730718378513
2012,-0.9668918256926062
2013,0.6041005163385904
2014,4.911976290178586
2015,0.7036998017892202
2016,0.5076441098074369
2017,0.2877791944834698
2018,1.3597104318626947
2019,1.5686959567721033
2020,1.3423334505811582
2021,0.35911067089735127
2022,-0.6567069210302954
2023,-0.5344022019381605
2024,-0.8918659676766367
2025,-1.2517352613990553
2026,-2.1690619042355195
2028,-1.0790238890711947
2029,-1.2777973605706592
2030,-1.210768966972239
2031,-0.9916642233921493
2032,-0.9559715339624901
2033,-0.01628396169815005
2034,0.6333680000046868
2035,20.324208480997545
2036,-3.887251317667797
2037,-3.781116576246557
2038,-2.631111921035046
2039,-2.02385209534091
2040,-1.4749008581047676
2041,0.5708078559136709
2042,0.06099725836028824
2043,-0.45888600388496315
2044,-0.9350676576180348
2045,-1.3393192194405827
2046,-1.6602327681816504
2047,-2.882044572300792
2048,-1.766051096405434
2049,-1.0400018177734154
2050,-0.9304052843686321
2051,-0.9696588997810949
2052,-0.3499026742461453
2053,-0.9406635999432424
2054,4.329508993376557
2055,-2.0008390320439133
2056,3.2086130357810703
2057,1.7419881089960398
2058,26.64553209537478
2060,-4.002171823484829
2061,-6.612899044885864
2062,-3.0013392031155774
2063,-0.15158925141009405
2064,23.29871035534457
2065,-17.322935870968166
2066,-6.883860356674397
2067,-5.3644487921039286
2068,-5.425067113841926
2069,-2.6116853566109697
2070,-0.9497577812997449
2071,-1.730119316948958
2072,-1.3498631826631566
2073,-2.7633865005904923
2074,0.32441922664369827
2075,0.3117632025618349
2076,26.823313501858134
2077,-9.436587508305298
2078,-1.7952697313833994
2079,-1.8711065808231666
2080,-1.9780425626604057
2081,-8.864537331593034
2082,-0.41784859176770084
2083,0.14775626090101213
2084,0.28454088184844295
2085,-7.405594325229103
2113,4.837202736424992
2187,3.272946541120241
2188,4.7569592950220425
2189,1.5554221092271519
2190,3.0902057607743814
2191,1.4182823053726992
2193,1.157411962692919
2194,2.523542992632354
2195,1.0205246841362303
2196,5.38105209847998
2197,1.3111181197352018
2198,0.5230123406847831
2199,-0.6532700844002584
2200,-1.6573607115601376
2201,-0.7724769176909589
2202,-0.8916016033709475
2203,-0.7396642973859358
2205,-0.9840054180269213
2206,14.566835160653202
2207,-4.619264594352121
2208,-1.8734459968748425
2209,15.099524180822566
2210,-11.62033743578132
2211,-3.0811132228357145
2212,-2.1454694467823074
2213,-5.4461297735762635
2214,-4.54680297652974
2215,-3.9257775412538223
2216,-7.850024112383053
2217,-3.1083089312947862
2218,-2.4032387124850203
2219,-1.234072390118797
2220,-1.1247645048098462
2251,6.10275884229398
2252,0.4416923780081987
2253,21.75047612129909
2254,-0.46338462897586297
2255,-3.6371284766168444
2256,-3.7254068376999463
2257,-9.09771910480946
2258,-2.2334855188225475
2259,1.7692762811834228
2260,0.3595864334501542
2261,-0.6727473084821938
2262,-1.407025031473502
2263,-1.2231638844936512
2264,-1.1975787841297176
2265,5.444575054941026
2266,-1.2642249033893123
2267,-1.0911960279767783
2268,-1.089306654929409
2269,2.7965681166150347
2270,1.456249006188088
2271,0.3779793109565901
2272,-8.017612710501297
2273,0.843688029559523
2274,-0.024310601778239516
2275,-0.6899553462167276
2276,-1.186500607396681
2277,-0.8309490156854977
2278,-0.7119345759113855
2279,-0.7363860523306087
2280,19.378404105967654
2281,-4.009711199121398
2282,-3.628163193685424
2283,-3.0436776104110876
2284,-2.8475323714427745
2285,-2.6957386221747015
2286,-2.2815975128501975
2287,-2.195585626866702
2288,-2.0465595630781124
2290,-1.1375903020270712
2321,1.3111503331270313
2322,3.928817277179796
2324,23.653215388522113
2325,15.491147134806203
2326,-5.220595928038913
2327,-0.8430386647268691
2328,2.452695185143483
2329,0.4144952670484585
2330,-12.381614188934904
2331,-4.984390409178577
2332,-11.414467505895459
2333,-1.9028733070694344
2334,-2.28578314174775
2335,2.2000095303607594
2336,-3.23566600615829
2337,-4.586504548548312
2339,-1.9922840479469457
2340,1.437815161046771
2341,9.040100728840308
2342,5.228065672942748
2343,-0.9822373174822161
2344,-3.372395644333025
2345,-0.6011336268064014
2346,-0.11227382219065163
2347,-1.039708498049059
2348,-1.6709475780892262
2349,-2.0781851577117507
2350,1.934729931190148
2351,0.48210659510314713
2352,-0.7463747592556729
2353,-1.0149842648414875
2354,-0.9840831728138113
2355,-1.5386139162367982
2356,3.0805808243358044
2357,1.7335197197526142
2358,0.6678456359834897
2359,-0.07199112205558578
2360,2.8415006726916587
2361,-1.44332102313723
2362,-1.8121931317816262
2363,-3.3050680366713294
2364,-2.50675962074979
2365,-1.3150498710385108
2398,5.631610483285627
2429,1.0681376762228467
2432,18.149136236497153
2433,-2.204495392312186
2435,-10.290418132357722
2436,-0.5324600550183618
2437,-0.45526070778759475
2438,-0.48375183829576685
2439,-0.4930714969734211
2440,-0.48598361364010856
2441,-0.19631388751906798
2442,-0.33212775275661244
2443,2.1533032411530044
2444,1.507253037442105
2445,1.7831089001233806
2446,0.0813294703863221
2447,20.404652897184743
2448,-5.825205136814606
2449,-2.300362448399163
2450,-1.9890029223544268
2451,-1.7704562515169648
2452,-1.572584150187982
2454,-1.0723082251986753
2455,-0.779079128311789
2456,-0.5498084763312825
2457,-1.618743180626776
2459,-0.29225825532482475
2460,1.8377329444567785
2461,1.705229907589647
2462,-0.3659556596391802
2463,-0.4247335581100167
2464,-0.5532128964204652
2465,-0.47061461319156805
2466,-0.4997348402482835
2467,-1.341604574018227
2468,-1.3878244037711127
2469,-1.5690198940746782
2470,16.751545626300654
2471,-8.296466413188849
2472,-2.21917605355436
2473,-3.9856941682984512
2474,-2.8734769959076445
2475,-2.9566699221349992
2476,18.50706121564327
2477,-9.634602911223595
2478,-4.274832096500141
2479,-4.044376892365733
2480,-3.7967434878025585
2481,-5.393614426243843
2482,-1.8386107165819467
2539,0.9730170920335866
2540,10.737174354093774
2542,1.149584053513479
2543,21.269659073315328
2544,-3.457468394484291
2545,-7.151489813360229
2546,3.7348254846295568
2547,-9.166132758172768
2548,-7.056979084025201
2549,-1.8650397906245644
2550,-2.0953907576800432
2551,-2.221748768392402
2552,1.1211432580758256
2553,-4.930472788431466
2554,1.3747469371995393
2555,2.225336864447783
2556,0.7256722494598904
2557,0.7100806142413774
2558,0.3427601746756608
2559,20.439714492152056
2560,-3.352905930478766
2561,-7.269872132517019
2562,-0.8314151261808007
2563,1.0021625315490823
2564,0.8491683560014494
2565,-1.142829683044063
2566,-1.7441181386962654
2568,19.212343662644965
2569,16.495827887592924
2570,-7.200472998120853
2571,-6.750190970862366
2572,8.007031797150727
2573,-6.19500847465199
2574,-12.449085219596796
2575,-2.826141235503922
2576,-4.459109540840927
2577,-3.539917892785027
2578,-1.645599638025665
2579,-1.8158041237355036
2580,-5.3647135748112476
2581,-0.5945075093988166
2582,19.53892687154268
2583,-2.7394368390164487
2584,-10.016283145157093
2585,-1.0233677838460835
2586,-3.060414790953118
2587,-0.6316184126622986
2588,-1.7186829134932609
2589,-0.3037141630562772
2590,4.367074793057057
2591,1.674822246518879
2592,1.0355707014226283
2593,0.9208849920605005
2594,-0.6214593234545944
2595,-0.7821256011951547
2596,-1.0261535171079217
2598,-1.0169861310666022
2599,-1.5829476200311419
2600,-0.8680007565575778
2601,-0.8151127022626596
2602,1.8137214908133998
2603,0.625570290312595
2604,-0.2715674342718586
2605,-0.4991918154080679
2606,-0.7225995758543888
2607,-0.9295447071340632
2608,-0.8001146866918631
2609,-1.0009839136248715
2610,20.20915777870819
2611,-3.7836356872344403
2612,-3.4508566408003496
2613,-3.2726228132796393
2614,-4.807984866020391
2615,-1.693045338228032
2616,0.7419223126209502
2618,-0.006461860792690288
2619,-0.6153847946691329
2620,-1.1833967450168785
2621,-1.6149257703187203
2622,-1.1181046528401524
2623,-1.4859859797358013
2624,-1.2802915550155163
2625,4.7719207271246376
2632,-1.4072309756827295
2634,3.7081330589035275
2635,5.212640484052329
2636,5.991721617936296
2637,0.9399086114742374
2638,14.731524071892675
2639,13.508055011208736
2640,-0.9814490199668562
2641,11.04220273609513
2642,-15.37682814652572
2643,-6.271812454883532
2644,-2.7531667298603146
2645,-5.626785726283343
2646,0.31213194978745307
2647,-0.8775164209236976
2648,-1.747562252126599
2649,-4.033658904384595
2650,-2.2304131896184742
2651,-3.2497685243496193
2652,-1.8690663967113323
2653,-2.2406773485884557
2654,-4.183892192266036
2655,-2.0003194530988537
2666,9.658192635342367
2667,-5.327094531984798
2668,-4.911115703124636
2669,-4.510280785660072
2674,3.7938261430016595
2681,3.3813308288749084
2682,3.0796097129189235
2683,4.247005693341734
2684,-5.324704938797261
2685,1.4447665809792696
2686,0.4288663605366523
2687,-0.3556767314352456
2688,15.615369235754898
2689,1.4348758372980512
2690,-7.9299466428750875
2691,-0.18612773308321806
2692,-0.808163716144211
2693,-8.326045335061888
2694,2.849331146145026
2695,-6.55090913139761
2696,16.04210495063265
2697,-1.3615542828152307
2698,-3.846826576955653
2699,-2.231359507681937
2700,-1.3672449438463445
2701,-2.886821665632354
2702,-2.5279428449004158
2703,-2.121645192320571
2704,-0.37714170071159003
2705,-0.5667618846684519
2706,-0.7511499200771112
2707,3.145409686635624
2708,-1.342741380440323
2709,18.753473552337233
2710,-1.0245749334077665
2711,0.7466593117278073
2712,-0.2433215563271638
2713,15.606746077977416
2714,-6.16590605999853
2715,11.954597662565243
2716,-2.84509888529689
2717,-3.2914346095320965
2718,-3.5783882850061186
2719,-0.9311313388769378
2720,-1.7407259374156183
2721,-2.9477363807512926
2722,-3.5216462855268738
2723,9.161090430060796
2724,-3.4938235304559733
2725,-3.5526729819708116
2726,-6.178215538320298
2727,-5.7819595135658695
2728,-0.6558008262304611
2729,-2.003210793310565
2730,1.026006040054348
2731,0.7249652499923229
2732,-0.5259395438686809
2733,-0.4570939526623192
2734,-1.0861811765169804
2735,-1.552818225673228
2736,-6.594578402672106
2807,1.3014265615895653
2808,0.9373359454501511
2809,0.8017869785088578
2810,0.9060193053016832
2811,6.4802932188892015
2812,-0.4108913030080714
2813,-1.0126796637760052
2814,-0.26885299605651625
2815,-0.7780899023045933
2816,-1.2338374208719856
2817,-2.6743715270702353
2818,-0.2240537901739188
2819,-0.9265558632444737
2820,2.953936894522819
2821,10.857963848318125
2822,-2.8169703966323887
2823,-6.641007777702896
2824,1.3424464768252165
2825,-0.243139477837083
2826,13.722245948010539
2827,12.679978653181607
2828,-3.647634625376355
2829,-3.19754312238301
2830,-3.443379931132597
2831,-8.279764207346606
2832,-4.0747545695985465
2833,-2.0766041179711827
2834,13.523260968449442
2835,-6.970862419109686
2836,0.8059247402709673
2837,-3.147249008561033
2838,-3.1422946353695735
2839,-3.100449422727671
2840,13.75696294290028
2841,-12.884015940497655
2842,-5.579779030570286
2893,1.2226426464742772
2897,1.4252611138903362
2900,2.882032591265798
2901,2.3263390826597217
2902,1.7822351191458097
2903,1.2761007243309592
2904,0.8126348298595936
2905,0.3942609931058918
2906,0.02166564372274138
2907,-0.6455839332303057
2908,15.054045748416634
2909,-2.115470780928458
2910,-1.7107718020714806
2911,-2.5091366759783966
2912,-0.9548308390871725
2913,-0.86723099738429
2914,-0.856173714274707
2915,-0.8052445829112358
2916,-8.385530191426348
2919,0.06873078780822794
2920,0.046339886223080384
2921,-0.18484561609570704
2922,0.9784946242439609
2923,1.5690073127600535
2924,15.566260269883585
2925,-1.1737661664258763
2926,2.373733888024736
2927,-1.65888289498076
2928,-0.7211466387543837
2929,-0.526153765467642
2930,-0.7980188135842301
2931,-6.355700326505261
2932,-2.9237615478977403
2933,-3.0171358152566796
2934,-7.046792127345022
2939,0.6032440083511474
2940,0.30373242790862776
2941,0.24785328758671454
2942,0.3267382176751994
2943,0.9868763296260497
2944,15.269459049121338
2945,-1.8662929482153778
2946,-3.2369497272216528
2947,-1.4491313548339022
2948,-1.2846096145749577
2949,-3.427304981289243
2950,-0.6373393304442132
2951,-3.990488200829489
2952,-1.7537480416614812
2953,-4.697903243827767
2958,-1.2491263241032158
2960,0.6047161865652697
2961,1.454750939760423
2962,16.12137645307697
2963,-4.630434592088278
2965,-2.615150522322317
2966,-7.048038248855356
2967,-1.9773929868679332
2968,0.35699327423203187
2969,0.302179286306
2970,0.21196208997296395
2971,0.17942658589180382
2972,0.2847959666580664
2973,-1.8323638490096954
2974,-1.285249987499931
2976,1.3474949193556043
2977,0.4340784684106893
2978,0.1982932882696531
2979,2.6587161742576058
2980,0.8791554768927909
2981,-1.4349650135540841
2982,-2.087184138351425
2983,-2.1531955385213735
2992,0.10993731340109747
2994,-4.576945614937742
3000,16.15918124763646
3002,-1.7774422040655296
3003,-1.0050301316204724
3004,0.14208736098056463
3005,-0.4379253021333298
3006,-0.7670214621878522
3007,-0.5417933878405421
3008,-0.6056016793412127
3009,-1.4574052073324921
3010,-7.0528854857127925
3020,-4.840349747294837
3029,1.1522245805228053
3039,6.290784419973328
3040,2.5786253030344426
3041,0.31705753114009383
3042,0.1387240777222729
3043,-0.03252976840130373
3044,-0.2690617979011236
3045,-0.4430544457060108
3046,-0.4985648136769356
3047,-0.10266385664793631
3048,-0.2237995862834481
3049,14.94712970850792
3050,-1.9075321228215678
3051,-4.937693709341943
3052,12.817640986320974
3053,-9.854203846014737
3054,-5.096754140712424
3055,-7.50980528985982
3056,-0.7924459460192281
3057,-1.05396615089591
3058,-1.254925747522016
3059,-2.425777943246459
3060,-2.0346926834259804
3078,4.773600835135689
3079,14.005224997501813
3080,-2.033634535761653
3081,8.149505537598987
3082,-2.6196622248531227
3083,-2.6980001726866583
3084,-2.7328517756420077
3085,-6.457935492677784
3086,-4.068898433333445
3087,-3.0986430680869432
3088,-0.6873006422598849
3089,0.6091482243124489
3090,0.6248300569271308
3091,0.2225315420154601
3092,0.09504279443979868
3093,-0.04357559186160387
3094,0.1593146986165337
3095,-0.058871950169063325
3096,-0.2426821311514118
3097,-0.4107460891914698
3098,-0.5618365558817118
3099,-1.1578822836458187
3100,-0.6198462659533348
3101,-0.5545263549574031
3102,-0.695510514120933
3104,-0.9975326742907882
3113,0.6032890364231775
3114,0.6961778460345656
3115,0.650248645187439
3116,0.741451542032479
3117,1.0414866812562806
3118,1.0397259822373925
3119,0.9323088775673298
3120,0.7950025422397289
3121,0.7794525680946478
3122,0.8138551588778924
3123,1.7735779222348924
3124,1.6228553049042063
3125,1.4274208712303675
3126,2.4916574615140448
3127,3.627386356815336
3128,1.2159501793967848
3129,0.8746254328502516
3130,0.6661466659995199
3131,-5.599525961924783
3132,1.1747654976373703
3133,1.0462676443087453
3134,0.8327764510647242
3135,-5.426726932723113
3136,-4.95531479525426
3137,-4.523495094353294
3138,-4.128112324906219
3139,-3.7662405486306767
3211,2.3420237340127343
3235,2.92800586672179
3236,3.268806704288579
3237,1.6473309471405315
3239,0.5857540574233866
3240,0.40726256470527034
3241,0.23697250844332274
3242,0.3282293866512731
3243,0.48019081936452324
3244,-0.0020339615957141177
3245,1.665045672681181
3246,0.14920804575567814
3247,0.01947385107818178
3249,-0.20120191801355958
3250,-0.18157135951260273
3251,-0.7563265717795318
3252,-4.880516298356682
3253,13.938073115287452
3254,-1.960619097525452
3255,-5.520231712866966
3256,0.504715991746501
3257,-4.453792986597271
3259,-4.601440772212975
3268,0.7318318041401284
3269,1.6359843228761406
3270,1.4779803876372313
3271,0.8471642463145841
3272,0.3243999354613578
3273,11.478066862566159
3274,-1.1495322030869595
3275,-0.12879674266267926
3276,12.53187569569296
3277,-1.1620936144209857
3278,0.16326367056465685
3279,0.8299568930557051
3280,1.6707616988144807
3281,-6.929162267283779
3282,-6.266645210845091
3283,-5.672823823584466
3284,10.91003889222451
3285,-6.171755141424363
3286,-5.5874042381515245
3287,-5.0538838207829855
3288,-4.576141859686437
3303,11.830419586116541
3307,10.713021488144378
3308,-0.7954109320078686
3309,-0.9354728394372813
3310,-1.0457564183343742
3311,-1.1312718643227626
3312,-1.19428496003394
3313,-1.0811316649713554
3315,10.269625779971118
3316,-5.582485462434455
3317,-7.5383536417927
3319,-0.7122083588171932
3320,-0.9051385003732904
3321,10.673816420111624
3322,-0.44467665866886463
3323,3.2122666104225672
3324,-2.964024048060093
3325,-3.410549999778066
3326,-5.729724461750358
3327,-5.208369197756092
3329,-4.7288209594033574
3340,5.019065984706977
3341,-4.445461098265966
3342,-4.0708053796361625
3381,-0.6885500289238706
3383,3.672327004425263
3384,0.8556108967625633
3386,4.124413784128194
3387,-2.9078116465096286
3388,12.779475553648133
3389,-5.075496553285767
3390,-4.661372077435743
3391,-4.2806869943960635
3392,-3.930778047187488
3393,-3.6091901766918966
3394,-3.311341799966492
3417,3.4182415757986817
3418,2.113426278844507
3419,5.487097901556098
3420,0.8806640136924955
3421,-2.6671142588959498
3422,-2.217025381517537
3423,-2.4440642447596304
3424,-0.41762552689461074
3425,1.455506183838807
3426,14.652455357581857
3427,1.1866938706602923
3428,-0.12036439551277667
3429,-0.30684492407891995
3430,-0.6168086729273128
3431,0.3943638813120032
3432,0.7161610683091197
3433,10.593697932269095
3434,-0.1512593714169448
3435,-5.852246080111293
3436,-0.05531557692214406
3437,-0.4509258026560943
3438,-6.050930140948836
3439,-4.822193964440572
3440,12.246933275974456
3441,-5.492297603016144
3442,-4.748227262139121
3443,-4.3636153675122245
3444,-2.6736653316532397
3445,-2.4368850701676052
3446,-2.369056264376894
3447,-2.159335953802284
3448,-2.1029798589280446
3515,1.6383180113879021
3531,1.6420201679632385
3537,1.4586311665148628
3538,1.286744598312204
3539,5.956675435563703
3540,2.9917005622373054
3541,-3.7108709407631224
3542,-0.3982441630100553
3543,-0.5635790375742431
3544,-2.1291917709255017
3545,10.423849310931097
3546,-0.9464575517727525
3547,11.31683384048877
3548,-1.816060702385208
3549,-3.417100886958213
3550,-1.4098174202028417
3551,-1.5057634566362559
3552,-2.8588335247579693
3553,-1.371652380343832
3554,-1.4407428610756483
3556,-3.6279173474940976
3557,0.21390104390486187
3558,-0.11880524309794538
3559,-0.10887342583968262
3560,-0.3407267670121783
3561,-0.9257263604870047
3562,-4.56823725650969
3563,0.167276974936037
3564,-0.12201428937954972
3565,0.6146909499538964
3566,0.38506551865249605
3567,0.1805286217168316
3568,0.05821834520143909
3569,0.10893814408090918
3570,-0.06172665824731638
3571,-0.2122021578258071
3572,-0.1945646867747115
3573,-0.32591174394723765
3574,-0.7504706477873881
3575,-0.9151884645395469
3576,-0.3195910654915153
3577,-0.20482689074047755
3582,1.2959307885718374
3587,3.0840874973355525
3589,0.8466856578087416
3590,16.418998550348043
3591,-4.086475150612774
3592,-4.595421546665914
3593,-1.2987212679828772
3594,-3.3050788798189927
3595,-0.7967808071560896
3596,-0.7314992373293663
3598,-3.471467735173377
3599,-1.259558167413843
3600,-0.44250442453144245
3601,-0.5709728219847747
3602,-0.6777612662907231
3603,-0.7654797976998609
3606,0.2739425655745933
3632,1.255205613285412
3694,8.452044131040822
3695,2.3170965517395317
3697,-0.975506476825565
3698,-0.9648944435269797
3699,-1.0607039680888164
3700,-1.1369531656400937
3701,-4.116606418731159
3702,-0.4378883997558276
3703,-0.40400221982016404
3704,9.525471176566704
3705,-4.78967656541564
3706,-1.0201987109878417
3707,-0.4099169554189217
3708,-0.5693862096062148
3709,-0.7023456930626679
3710,-0.8071897926460352
3711,-1.9774299392407997
3712,0.3730374841662609
3713,1.1820046480757753
3714,1.5087594405082072
3715,0.2525693559747708
3716,9.184920991341244
3717,-0.6031587349943237
3718,-1.302921650197618
3719,-0.7003272702919432
3720,-0.8042759158425312
3721,-0.8921698207860302
3722,-0.9654635300044418
3723,-1.02576863130178
3724,-0.9472306899706879
3725,-1.0046598634925132
3726,-1.0333899297861322
3727,-2.7457850070069227
3728,-0.4197112620990566
3729,-0.8545191332629898
3733,-0.32644874257686496
3769,1.4658039557034428
3773,1.4187142818899616
3822,1.1047783342786133
3823,4.217645793171393
3824,0.8928878655690298
3825,0.7437358896464588
3826,0.6014691496974578
3827,0.4665288873355635
3828,0.3392184349172851
3829,0.2656533301876465
3830,0.2066318676233081
3831,0.14351464139390657
3832,0.07796009832565431
3833,0.011354709136874419
3834,-0.009324122698544102
3835,-0.08034963469275169
3836,0.1904131512696381
3837,-0.09473770092325395
3838,-0.1828256746621122
3839,-0.0955261084162018
3840,-0.09555395287579671
3841,-0.09555779510764495
3842,-1.0856855864967727
3843,-1.069294438175774
3844,-2.0709352047790546
3845,-3.0553543278154933
3846,-0.6512961121133998
3847,-1.3351104051379394
3848,-0.46647923357446786
3873,0.8709894570151846
3876,3.8381631396922202
3877,0.49296569777565225
3878,0.39271046082063066
3879,0.295696351089191
3880,0.17076078591402677
3881,-0.20316505634871618
3882,-0.3679985704655877
3883,0.13141935221071321
3884,-0.6357319686318235
3885,-0.7570802567207906
3886,-0.47131856537561134
3887,-1.0631595303308146
3888,-1.418936368462056
3889,-0.7673367523340318
3900,1.0989116384321491
3901,0.9393863665007558
3902,0.8017289038929789
3903,0.7411115813149465
3904,0.6223538935892421
3905,8.08096227616683
3906,0.008995978378017355
3907,-0.05419598754323829
3908,-0.20005263165851517
3909,-0.6187988674681506
3910,-0.3252907587983458
3911,-0.3275528877334679
3912,7.252094447806343
3913,-3.9943127065072552
3914,-2.959664771961773
3915,-1.3945002072422596
3916,-1.2985705786314838
3917,-0.6837644680861317
3918,-1.4462670170988403
3919,-1.8892008523811796
3920,0.17281099585108706
3921,-0.03444451251937153
3922,-3.64512649756297
3923,0.13064759190049102
3924,-0.054425526880642394
3925,-0.1659922385608823
3926,7.960791199177507
3927,-1.875724233676202
3928,-0.4700243591211475
3929,-0.43788010986730086
3930,-0.5343656124227323
3931,-0.6182488234735715
3932,7.913183968409179
3933,-1.2283246216932895
3934,-1.253419620720159
3935,7.55824793777942
3936,-3.0070059322180356
3937,-1.8461152621960935
3938,-0.9872513711122934
3939,-1.928213316725241
3940,-3.266362307385535
3941,-1.4739514230235287
3942,-1.211486681951655
3943,-0.29053555044672663
3944,-0.40979549172989493
3945,-0.9222788266685313
3946,-0.9152369603148713
3947,-0.37803747209279237
3948,-1.3596797227405304
3950,-0.3294555912912429
3952,-2.7011628754128765
3996,1.3495696241073531
4031,1.4906725242655483
4070,1.424402762099362
4115,1.0060789000250026
4181,0.93176715286247
4182,0.24685564051642217
4183,0.2319815880943139
4184,2.4015561054380328
4185,0.48520721033580827
4186,0.8230720280004888
4187,0.8928574452283726
4188,0.9768853267695476
4189,0.10907504063511198
4191,0.2468104212606832
4192,6.379642486494621
4193,-0.9084758206821242
4194,-0.1849898524608875
4196,-0.5739733796084749
4197,-0.5924526009053679
4198,-0.2931327126461909
4199,-0.14559495961404423
4200,-0.14344246025752483
4201,0.543069232790657
4202,0.1966801944508454
4203,0.15438113087180128
4204,7.74694995336333
4205,-3.4988294654296794
4206,-0.13994022862716093
4208,0.2922782930054808
4209,0.015446355015484414
4210,-0.07808322158522785
4211,-0.11478010783129733
4212,-0.1924334634081717
4213,-0.47919764170924495
4214,5.79244193996405
4215,-0.6159353790556352
4216,-1.8289435828260139
4217,-0.5817585701285708
4218,-0.5686138123219386
4219,-3.1072248308576036
4221,-0.7477007684253998
4222,-0.3700865598819192
4223,-1.5688039125585043
4224,-0.28679475575489377
4225,-0.49472953409787834
4226,-0.7634729938043989
4227,-0.14814526479243284
4228,-0.2939043505580443
4229,-1.8234817030751174
4230,-0.17779688429740048
4231,-0.4005745692565057
4232,-0.40452953236943756
4234,-0.23137700180827636
4235,-0.2824505842763685
4236,-0.25303182224469367
4237,-0.30387127825827775
4238,-0.34792624502640734
4239,-0.9724111634691184
4240,8.012860010531714
4241,-1.391393520759184
4242,-1.682788738778001
4243,-0.10659502807408217
4244,-0.49339440882651076
4245,7.745846925070477
4246,-2.319816640560081
4247,-1.5522091857655234
4248,-2.2444977903772276
4249,-0.6123673112390549
4250,-0.6439516793777713
4251,-0.6731555675448249
4252,-0.6999567550089125
4253,-2.318744035425624
4254,-0.9079315105391998
4255,-0.4653145556701048
4256,-1.2973985120921512
4257,-0.4126924995245247
4258,-0.4633931011275436
4259,-1.287135295930291
4260,-0.2858183417970821
4261,-0.3475933111057188
4298,1.108567407023628
4317,0.5859985466085789
4339,1.8479701156000417
4340,0.8475607747242364
4361,0.960017919794474
4419,0.761947923158445
4420,0.6976744545303433
4421,0.6267833060470238
4422,0.5745190964556528
4423,0.520795946672159
4424,0.8773103587486588
4425,1.2937064151376845
4426,5.701242940056748
4427,-0.04258500730631454
4428,-0.04905978270594247
4429,-0.06012748783867039
4430,-0.2121722962873953
4431,-0.09091642746244943
4432,-0.24481164068598815
4433,0.16657402195428617
4434,0.13984694096823702
4435,-0.22099856901085602
4436,-0.09207853385651887
4437,-0.3961664535302063
4438,5.286115691553032
4439,-0.19879650210177147
4440,-0.4158856098858372
4441,-0.5883818292785712
4442,-0.3877602616350302
4443,-0.9198650843297003
4444,-0.5259034467352315
4445,-0.6122463832444716
4446,-0.688206631735671
4447,-0.7548967591299949
4448,-1.5290267657740664
4449,-1.4549625507269788
4450,-0.5961420274455911
4451,5.247676497962445
4452,-0.931693819529027
4453,-0.9529048198807502
4454,-0.541887552184992
4455,-0.5999151468458699
4456,-0.6504319734665422
4457,-1.3055432714827617
4459,-1.2315710789735093
4460,-0.544896819780341
4461,-0.5166343193521712
4462,-1.4918506917698124
4463,-2.8751923748587487
4464,5.520595085426152
4465,-0.5807415742863213
4466,-1.182597546348802
4467,-0.6025934302418463
4468,-0.648094383029985
4469,-2.651153005496262
4470,-0.10174620858740724
4471,0.988108592151562
4472,-0.2405264995146439
4473,-0.3174037573717641
4474,-0.30103544332484233
4475,0.9961223018894145
4476,0.27085057133236035
4477,0.222188755061417
4478,0.20229705494192984
4479,0.02652473982541892
4480,-0.13590758954342874
4481,-0.1543446249060949
4482,0.10167323736666845
4483,-0.013648444191090903
4484,-0.2062290906360289
4485,-0.18506093278236335
4486,0.16226838689298262
4487,6.951332005314313
4488,-0.31403961655581014
4489,-0.7573653840261514
4490,-1.1422162181150668
4491,-0.41216586783024667
4492,-0.9140361932735459
4493,-0.49858842740594866
4494,-3.2402019431892413
4495,-0.6568758414941414
4496,-2.50678890726153
4538,0.3570097572613449
4567,5.632491079193876
4568,1.108977749544266
4569,0.12240675411455726
4570,1.3711714755444255
4571,-1.5638303192300391
4572,6.453084927643957
4573,-0.8241537681824305
4574,-1.6231142551309965
4575,-2.2933273484884538
4576,-0.6156773612756616
4577,-1.2145246981817515
4578,4.945248055458286
4579,-0.5442438135734804
4580,-1.1093791572512046
4581,-1.5028406923103397
4582,4.479243643502006
4583,-1.5988156658140618
4584,-0.22593215832383962
4585,6.203186463934301
4586,-0.5982639183026244
4587,-3.3210907105308216
4588,-0.41973842980764076
4589,-0.7491663260254313
4590,-0.7456585126509871
4591,-0.3956472012489378
4592,-0.3765620020964846
4593,-0.7908259095328916
4594,-0.41497031345518565
4595,3.769240961901591
4596,-0.9660862914625845
4597,-0.21790697065315
4598,-0.2859068741510562
4599,-0.27214840436916177
4600,0.0992643851044086
4601,-0.05025829455432529
4602,-0.0478428771293693
4603,-0.13331258208669894
4604,-2.2857655060599527
4606,-0.10206939146219085
4607,0.3602572916259703
4608,0.07325782899036426
4609,-0.025654839320999656
4610,-0.08556836481385233
4611,-0.16926043679335478
4612,-0.4555153360111035
4613,-0.19965608685721392
4614,-0.3470119314522968
4615,-1.3203759044145862
4616,-0.45788527588795347
4638,0.3024489223977582
4639,0.17503459559927137
4641,0.0586976689233083
4642,-0.03237030194329549
4643,-0.10199837752620056
4644,4.796566178485197
4645,-0.3213808819876931
4646,-0.1027843139498188
4647,0.09598279559740064
4648,0.15739009332130394
4649,0.05506316442929915
4650,0.03888678681675728
4651,0.024116702495220466
4652,0.019206749100437293
4653,0.20480660509299042
4654,4.587565329778677
4655,-0.02951255086004423
4656,-0.041886558519980355
4657,-0.053031415992126796
4658,0.19649734496451288
4659,6.378456133743665
4660,0.026988711927693032
4661,2.544970198569011
4662,-1.6255261299404768
4663,-2.2001906734305745
4664,-1.9066670368290097
4665,-0.6194380795085301
4666,4.94235446977553
4667,-0.8562027652853317
4668,-0.015969846079251226
4669,5.383448225092382
4670,-1.1382544808011907
4671,-1.1576744619859518
4672,-1.17393213131062
4673,-3.230650631542403
4674,-0.995602851477738
4675,-1.0178528171489027
4676,-2.8133522234522204
4678,-0.8024694755393504
4679,-3.871615166216351
4680,-2.989447773640144
4681,-0.6725883407862092
4682,-0.030528668665176895
4683,-2.3467507139531136
4684,-0.0052712445954981035
4685,-0.18535192391805566
4686,-0.3590075341765626
4699,0.8346462811306523
4700,0.7590688764757658
4701,0.8788752061710667
4702,1.5028156505306889
4703,0.6775458254338069
4704,0.6465733955685984
4705,0.5738933572761198
4706,0.9786832313157738
4707,0.8022605913355747
4708,0.7003226075214748
4709,-2.602936152302153
4710,0.7682348841784865
4711,0.31605225279910343
4713,0.30163879681965255
4714,-2.0034318548306196
4715,0.3178011872075608
4716,0.27539670790119786
4717,0.49090330822476247
4718,1.1221229250496627
4719,0.27506867656723344
4720,0.2302162822336058
4721,0.3302252609980485
4722,0.10645770507225194
4723,0.1415182034182756
4724,0.0375547322866403
4725,4.458087705880388
4726,-0.024005767994335514
4727,0.13850601673552632
4728,-1.5719973890566656
4729,-1.3531309301616652
4730,-1.2956752414639183
4731,-1.7700025466556575
4732,-2.6278016784557856
4733,-0.37775774758076963
4734,-0.3331976957074474
4735,-0.7361574870005008
4736,-0.40095544042042874
4737,-1.5154857743351577
4738,-0.5254511905449704
4739,-0.6042654260851705
4740,0.6474789069246896
4756,0.6063036832379964
4765,1.1189322884703223
4766,0.47233650144165296
4767,0.7829982961480866
4768,0.31772377322421974
4769,0.30376822867292574
4770,0.25832650226022125
4771,5.657976588912433
4773,-0.09614775466887693
4774,0.06979118386216854
4775,0.02898694084246145
4776,-0.010291054249567111
4777,-0.038307860336022515
4778,-0.05390330917537156
4779,-0.08890715768605162
4780,-0.10498451607114134
4781,0.06096472828424737
4782,-0.6827637254185817
4783,-0.7712508880328599
4784,0.15126885642649768
4785,0.028541179190650467
4787,-0.031733328712725495
4788,-0.05554504053348808
4789,-0.3119169617435169
4790,-0.2975617796994001
4791,-0.3127863950073113
4792,0.08695698603668234
4793,-0.09590174688895203
4794,-0.07068920865894057
4795,-2.5312723940851853
4796,0.008994149503720905
4797,-0.5583998875164013
4798,0.570032963198436
4799,0.04486821899144289
4800,0.024981656965902488
4801,-0.012974968939762022
4803,-0.03519386099945976
4804,-0.044413493941121374
4805,-0.3787411996646277
4806,4.035133952163047
4807,-0.2772545731633791
4808,-0.6843430060381088
4809,-0.7100729785231223
4810,-0.43769848208233597
4811,-0.656954733725037
4812,-0.47643015878311346
4813,-0.9604283546193315
4814,-0.48515284214032306
4815,-0.5955341152789053
4816,-0.22446895445391846
4817,-0.2742677685685564
4818,-0.2405748936883505
4819,-0.5429060485972954
4820,-0.28596100232911326
4821,-0.6050942684978367
4822,-0.3273429020288958
4826,0.12853260444581593
4827,0.008061510217338252
4828,0.002037443261968974
4829,-0.6178522415812395
4830,-0.22725755736799869
4831,0.02558454787746456
4832,-0.3335517715264018
4834,-0.17504039591424458
4835,-0.41885714970941734
4837,0.1811949089195366
4838,0.040698285524626954
4839,-0.45240771523551615
4842,-1.9774137149514175
4851,0.2535642192833052
4852,0.2383451487949273
4853,0.4338509527589238
4854,0.5241154671937949
4855,0.5981823215522866
4856,0.27453438599397373
4857,0.26523142489196516
4858,0.25355489625582095
4859,0.39044981713920635
4860,0.7054839006675309
4861,0.3183405580283889
4862,0.2947247761852765
4863,-0.23079267443262808
4864,-0.7504722656524976
4865,4.498942679308943
4866,-0.9649607693677318
4867,-0.33820567903584475
4868,-0.7324710730518404
4869,-0.743655793382267
4870,-0.3966550807110565
4871,-0.43840968290417237
4872,-0.19546994963528164
4873,5.458881432428996
4874,5.233824005626083
4875,-0.692359462779855
4876,-0.7164369203524608
4877,-0.7380864641429099
4878,-1.4457839331906186
4879,-1.354172964493383
4880,-0.617614065726201
4881,-1.6103851859759715
4882,-0.5162297821775539
4883,5.316244577166184
4884,-1.459094944735721
4885,-0.7176753649543137
4886,-1.4080595168633785
4887,-1.8876117061205804
4888,-2.795281362961518
4889,-1.049217672925586
4890,-0.3529766881406289
4891,-0.39221743659576447
4892,-0.8107728770147133
4893,-0.3670016819038864
4894,-0.7628201566270718
4895,-0.3954897263494601
4908,0.3664420990202757
4909,0.543640253716255
4910,0.49154368135000226
4911,0.4410266365649633
4913,0.3919900039758417
4914,4.063120478955149
4915,0.35426980827079646
4916,0.13789619461834235
4917,0.3214575183041397
4918,0.27483174052992254
4919,0.23151562600644837
4920,-2.2793386406271807
4921,0.5179962886537766
4922,0.19711438774286805
4923,0.15859473439125438
4925,0.2672986177773815
4926,0.15563807139403707
4927,0.11967051093813197
4928,7.538932348106979
4929,-0.43831726703590235
4931,-0.24056765498569987
4932,-0.25406829763534233
4933,-0.2677848128513567
4934,-0.2816153815089386
4935,-0.8663298813000253
4936,-0.22026145175916412
4937,-0.22244145139493554
4938,-0.22812385275835112
4939,-0.46025979806029227
4940,-0.44803521407280655
4941,-0.22881461433875927
4942,-1.5464221664622748
4943,-1.2635956068993757
4944,-0.8683852655691027
4945,-1.6713294965715697
4946,-0.8061481940159894
4947,-0.8134869685845274
4948,-0.8190047074180171
4949,-0.8140929978426996
4950,-2.2099352335454725
4951,-0.6690131081647834
4952,-0.6025960046476442
4962,0.3746594948992268
4969,2.151157622590709
4970,0.24471841682829876
4971,0.2214592065293033
4972,0.19807079250664827
4973,0.1743280443945423
4974,0.1372453045535309
4975,0.1744373441161784
4976,-0.6296823557473203
4977,-0.6051481330838158
4978,-0.4568773489621023
4979,-2.0123484195543995
4981,-0.4413634587517379
4989,0.23586732262812404
