66,9.481137777354991
71,2.1486394287502026
72,14.889433160508409
74,13.749133832825795
75,-2.8751307881195984
76,-1.5069679483152925
77,-8.905398314791313
78,-7.970207068702951
79,-7.31050763177614
80,-4.324680772860072
81,-3.471222851462574
83,23.092327897596476
84,2.602508933591544
85,-3.249690706215535
86,-12.320863227263331
87,-6.558364575634096
88,-3.4916141845770166
89,-19.239737329798782
95,7.057302244791934
117,-15.034430915193463
150,11.026551868053783
151,-12.866662435287786
153,18.131955381278583
154,17.355300547026317
155,-22.547732517213998
156,-12.969763952526158
157,-15.784484710231553
187,23.047350328207685
189,13.073995912852565
190,7.325299457709308
191,4.137186717737903
192,2.297082488070542
193,-29.938538210185882
194,-17.45022546020154
195,-10.193191793062702
196,-5.92746495646972
198,-3.6769863315440787
199,26.90864810545133
202,17.97777354429199
203,10.410487338097225
204,6.042423074940708
205,-31.97219164640144
206,-18.744829072891193
244,24.016334633742154
246,14.101311463944988
247,8.003922712291837
248,4.704606873466447
249,-31.311588046986873
250,13.268311798658264
251,-24.122953871000547
252,-16.835437489038995
279,27.44085900422641
280,51.182536511542935
281,-41.29044590357376
282,47.16583126036738
283,-29.473187059222365
284,-24.824565786907506
287,-19.171581549474165
305,25.210516647734103
306,14.251875576606535
307,-29.250174228871245
364,19.00845612768937
365,11.445457698206363
366,-27.815600659190288
405,13.366316424691071
406,8.464676706118848
407,8.45898427722655
408,5.163919535828906
409,1.715941634379278
410,1.1083120399547814
411,-0.32751943112210125
412,1.0648633669964287
413,-0.28837403125842087
414,-0.3166045824895267
415,3.033681833983934
416,4.056306589751424
417,2.3637351324099125
418,10.163964449431601
419,3.1512370660137776
420,-0.7767485099316787
421,7.2732349659365205
422,1.9510373068245883
423,-1.5925481934335082
424,-3.6072196595347705
425,-4.53610247872691
426,-4.71330330993565
427,-4.320095811565757
428,-3.1916759596230655
429,-3.2310731230341307
430,-2.854836813301498
432,-2.82651294743029
433,-0.5514207200794203
434,1.348771934105483
435,-0.8287052705546811
436,-0.5397283325292594
437,-0.7128833839077133
439,-0.79737050122786
441,-0.9193906014837729
442,5.5241706603445015
443,-2.778251570319795
444,-2.160182857380703
445,-1.4529189077770854
446,-1.612639361206937
448,-1.4854947144973678
449,-1.4824429069848275
451,-1.0656926311198036
452,10.633932265726632
453,2.5270861061950356
454,-1.4335552257498918
455,6.2613798879507865
456,-5.3453688657537
457,-5.137487236624957
458,-28.150685966821733
459,5.303178589222881
460,3.3992726268214106
461,2.146025824134769
462,11.748795245093262
463,-2.809715474235742
464,-2.087622812970859
465,1.9619805970193913
466,1.2856306842003096
467,-1.3770991971712263
468,-2.273815473328577
469,-1.503761434885564
470,-1.00649480971465
472,-1.5964611269108975
473,-1.1864465898155157
474,-3.8469790365260064
475,0.13447757353219636
476,-0.12444276577440228
477,-0.08192347155925717
478,-0.288630543638412
479,-0.34745208254208215
480,-0.43048859619540636
481,3.4203189523582775
482,3.036947414782224
483,1.3488619259792696
484,-0.5050026970223325
485,-0.2673182827386178
486,-0.24217602912676028
487,-1.3567583418867635
488,-1.7486970304842586
490,-1.936493602191021
491,-1.5406638320276542
492,-1.1204592990260203
493,-0.925988105909191
494,-1.010079850071584
495,-22.66988988548296
501,11.391807383859327
502,3.1382875853457044
504,16.997004051574724
506,7.007818775884445
507,7.663409430225229
508,0.14849561721137405
509,-3.197295167845865
510,-4.503779128948346
511,-4.671894603090852
512,-0.02497706647255349
513,-2.2126613277094442
514,-2.961767796867388
515,-3.0768029046967786
516,-2.1682497484517143
517,-1.4669776377281671
518,-1.5141802835998348
519,-1.100308718908689
520,-0.8130379273933421
521,0.9022826256071745
523,41.09834923386869
524,-34.533848616975405
525,-8.528230710613261
528,-8.197060033063146
533,12.223191592102271
534,1.6542155089505606
536,6.161877066812872
537,5.084250530788195
538,2.3481530042604115
539,-0.3657402995047976
540,-2.407518125672947
541,-3.737794834994112
542,-0.6837475255395837
543,0.2394080399370484
544,-2.1497225798549735
545,-20.60424515165407
550,2.986796271540719
553,0.721056788665436
554,15.819892555720342
555,-5.272224852281388
556,-3.6510933708255457
557,-1.4730934321143394
558,-1.0162503641650709
559,22.359539836550393
560,-14.689795276544274
561,-9.635007003447985
562,-6.096744624279232
563,-3.854754292888252
574,8.58743106826893
575,5.760963803365634
576,3.7903432672235553
578,-8.286527438874792
579,-6.116568617437952
588,-14.960672863248298
606,8.34715726571077
635,3.772220270186189
636,14.538959447275488
637,17.421098124838455
638,6.033507608412456
639,0.4371680217118996
640,-3.011036799296121
641,-4.804091358627673
642,-4.08261086289135
643,-4.470833867014713
644,-4.27216380115917
645,-3.8160720472994534
646,-2.924556749559276
647,0.151685017655673
648,0.28154203443952497
649,-0.2288812200877537
650,11.121961647702154
651,3.7969244151375623
652,-0.3648808139339774
653,-2.6016793321383194
654,-0.40871723472837296
655,-0.2829349798359324
656,-1.4992328304957638
657,-1.3516266835379476
658,3.516587905754754
659,5.389845531913284
660,-7.510781145335539
661,6.174150342730009
662,0.9490150529956232
663,33.17506540993187
664,-12.668110257166962
665,-20.028334492260946
666,-8.33786570691724
667,-10.559019667655964
668,-4.8249947489646665
669,-6.419877478604036
670,-3.194363633488159
684,-13.829628401978113
685,10.281222297199093
689,6.193146142729347
690,8.002224904363999
691,7.99131695943727
692,-4.438013753206835
693,-7.68721272161628
694,-7.792025016229033
695,42.71955524384812
696,-18.997561536022857
697,-15.589775621668274
698,-10.947920695738588
699,-9.267784451219086
703,16.61196328145634
707,6.839273513743493
708,-13.385106647652677
716,3.238566550147638
717,-12.152335588289937
766,6.601404761861382
782,7.387557015812952
785,4.1788662792846765
786,2.8002101469331393
787,1.8470748852231083
788,0.923376132371498
789,0.03731829361399619
790,-0.4238223120664024
791,-0.7526966911004003
792,-0.7414475604645432
793,-0.998926808189907
794,-1.0540275219680808
796,-1.239412244635659
797,-0.9495593532049753
798,-1.0880491724830037
799,3.9548841767877505
800,6.281729064534403
801,4.531294018539427
802,-17.961862578607807
803,-13.14013557830053
824,6.541059716354155
825,5.122189995655837
826,3.3827242618616182
827,1.7709463324762638
828,0.4446100682554146
829,9.782182360535884
830,3.6960673015349315
831,0.07981830123687317
832,-1.884997860014213
833,-2.835183132890947
834,-3.1705774497794295
835,-2.3022935680567542
837,1.4833415939557284
838,5.508516490306505
839,6.323472847373857
840,-1.1028138444837943
841,-9.097489255067984
842,-2.4818838506041025
843,-2.7170691921587036
845,2.202200258671404
846,0.468846021855839
847,-7.0170620202504
848,-5.575477749942792
849,-4.404684781151246
850,-5.39291766253595
859,10.708482364145247
860,2.9158968584202967
861,2.4054065846580386
862,0.4398240465732073
863,9.693032366697125
864,-3.01846886839504
865,35.35566332951315
866,-11.315280794235319
867,-8.672855684943018
868,-6.411035526333663
869,-4.761968186577938
870,-3.566513402138554
871,-2.8187654953374874
872,-2.2728209881618824
873,-13.966141704111557
874,-10.29415148384917
879,4.508118340159903
912,4.968840537292998
913,3.0102658761656045
914,1.5857740051085898
915,0.5879001787277076
916,-0.09562321394269446
917,-0.4928033109454475
918,-0.43929046827405926
919,-0.6077865756469123
920,-0.725488035386995
921,-7.4474762624099995
922,-8.635019988039659
925,-6.371721632333021
926,-4.7565213707383975
989,11.430325213040362
1113,7.292669110800482
1122,2.2079331135262876
1140,0.938946135548349
1141,1.201023859726817
1142,1.5044191420486897
1143,1.6973945726034785
1144,1.9049828743308623
1145,3.017337856703115
1146,1.0155711751732355
1147,0.8734641219985662
1148,0.6324446895032239
1149,0.33486495379236203
1150,0.004597517007368879
1151,-0.31099763220250765
1152,-0.6086924132233946
1154,-0.8562341298217007
1155,-0.9601183420585215
1156,-1.0514784266706627
1157,-1.1187945873761507
1158,-1.101463717712143
1159,-1.0682270014455852
1160,-0.18553477288847375
1161,1.7420131807225445
1162,2.8071695813133672
1163,2.7776230265678734
1164,2.2119531022470866
1165,1.6887528014593016
1167,0.9166101216258156
1168,0.0869647186399618
1169,-0.5661855478627871
1170,-0.4388202483958139
1171,-6.868933454726985
1172,-5.347229690763761
1173,-4.19281436582326
1174,1.0888069492377923
1175,-0.16736269034917228
1176,-0.13349638018365084
1177,-0.3027057011577554
1178,-0.5449114703245144
1179,15.592707894228553
1180,-1.2189502281970803
1181,0.6401473939287001
1182,-0.8189602933280327
1183,-1.8518854574806838
1184,-2.3819769201391594
1185,-2.636373965144152
1186,-2.700259959374435
1187,-2.6186953258373364
1188,-2.4434181093294427
1189,-7.480759317530321
1223,5.422711733529852
1248,10.96106713448912
1267,1.7221421544874218
1268,0.8029605003748088
1269,6.63857332475763
1270,3.37572899659763
1271,1.1169065706903538
1272,-0.40023308373429245
1273,-6.311508310377178
1274,-0.023035238710484407
1275,-0.8502741643063985
1276,-1.3370244747384277
1278,-1.391970999408926
1279,-1.2827793685637374
1281,-0.7709586868343195
1282,-0.6281053920370567
1283,-0.5263691236237236
1284,-0.452453218975684
1285,-0.4040364972016164
1286,-0.3811484739929938
1287,-4.480257224028968
1306,0.3654611262698211
1307,0.288181029947026
1308,0.12478899649993735
1309,0.03610331264417255
1310,0.005960981008882982
1311,-0.0665053030695546
1312,-0.11854705896222129
1313,-0.1689663483307413
1314,6.060645489798141
1315,3.189778060867283
1316,1.2534166154316253
1317,0.014620972367467289
1318,-0.7176944110202257
1319,-1.1016994466172392
1320,-1.2193723421984686
1321,-1.2272648476669161
1322,-0.9695090134137772
1323,-0.9731684468053885
1324,-0.941826610092896
1325,-0.8365748059592804
1326,-6.909095044301992
1331,32.42055162482982
1333,-6.071175431271772
1334,-4.89069203769866
1335,-1.5900055987928283
1336,-1.8046135392617373
1337,-1.882953892889617
1338,-1.8503780414836157
1339,-1.7729779455319132
1340,-2.7372442441548372
1341,-0.8537786303448058
1342,-8.478897148995856
1343,-6.410759975329782
1344,-5.260638254312809
1366,4.166875615433014
1387,3.4216939488666043
1441,1.618857336621403
1442,1.1445940620487036
1443,0.7211563698381838
1444,0.5781518330247479
1445,1.8211263009305156
1446,2.3288566448632366
1447,1.8523193130272517
1448,1.4857712840686261
1449,6.309621523912234
1450,27.820936203051726
1451,-1.7399059850486633
1452,-2.695423053088229
1453,-3.189038474597691
1454,-13.38494057659274
1455,-10.788906234380754
1456,28.542188915705893
1457,-14.033057954012254
1458,-11.35197316250586
1459,-9.183085386329829
1460,-1.217010156327916
1461,-2.236649067367722
1464,3.250520374245653
1468,2.0111935622404857
1469,1.1652246259570305
1470,1.0686470074047776
1471,0.11382697624214444
1472,-0.12741655235869587
1473,-0.2897480936411938
1474,-0.38373403321739374
1475,-0.4389155229336481
1476,-0.45790269037394893
1477,-0.8469870413014959
1478,-0.37789251174839933
1480,13.235496279921954
1481,3.9616252271181196
1482,-1.0998151903624205
1483,-2.4721180822160562
1484,-2.9737970185462714
1485,3.9468683301495915
1486,4.836933558788612
1487,25.226681450130137
1488,-2.6026447957931307
1489,-3.4641674615963662
1490,-3.9169768831181866
1491,-4.08294324488204
1493,-4.052451133446535
1494,-2.950805519907309
1495,-2.316461224605142
1496,-1.9719886686403285
1497,-1.806177555107105
1499,-1.7432950701736232
1500,-1.7345843493727742
1501,-1.7428473184755262
1502,-1.747542255916457
1503,-1.7411172553910603
1504,-1.7174839887513045
1505,-1.675611519014872
1506,-1.6166857433051405
1507,-1.306412528415592
1508,-1.0555633634127872
1509,-0.2575930427578612
1510,0.0988434657505124
1511,0.24425718274960673
1512,0.20169496653585384
1513,0.06507343660779696
1514,-0.11085031224835262
1515,-0.2923012329779553
1516,-0.3941765829572006
1517,-0.5057311595389464
1518,-0.6108040041958063
1519,-0.6330055980373501
1522,-0.5775147171126847
1523,-0.6685878676251278
1524,0.2592356609634905
1527,0.6450367996857622
1528,0.7008104204249292
1529,0.5717140170959283
1530,3.252222571861715
1531,3.282018688365852
1533,18.235589723341302
1534,-2.9329836860234337
1535,-2.8018669365484854
1536,-4.736015243487525
1537,-2.060135254665738
1538,-2.0002894829176654
1539,-1.8568117555084669
1540,1.2495941515098892
1541,0.27171491977154716
1542,2.592662850828674
1543,-4.881058946519289
1544,3.5234016086091344
1545,0.394893865315062
1547,-7.996185333261124
1548,1.0639993479381715
1549,0.24999654714597597
1550,-0.32946904049675396
1551,-4.288927251321503
1552,0.7476353095273254
1553,0.8184395517689964
1554,-0.1951585908048159
1555,0.007496312770314262
1556,-0.40465209436511174
1557,-0.3288516999161857
1558,-6.794599440113082
1566,1.280664889499846
1567,2.3974737386329608
1568,-2.1302888797963746
1569,-2.6900976330480475
1570,0.7165862451573588
1571,0.5799174867132209
1572,1.8320867534630807
1573,1.228840587066152
1574,-0.5900183696016015
1575,-1.121641369228378
1576,-1.6251825042327326
1577,-1.9106534134237023
1578,-1.6532425288403516
1598,2.9391514748339773
1649,1.070749032573346
1663,9.744563596341791
1665,-0.33498475704163866
1666,-1.1663054832537654
1667,4.493265591254463
1668,2.5368637994626226
1670,1.2046386182108222
1671,-0.38007866707920357
1672,-0.8192860329909522
1673,-0.6747680784641688
1674,-1.0340447308423606
1675,-1.300333369251078
1676,-0.9038354435190925
1677,-0.7495345940820215
1678,-0.6191051008097475
1679,-0.7352366873581673
1680,-0.8765094651138341
1681,3.619232180866021
1682,1.9273334583214066
1683,1.5885567759564054
1684,0.3987139155705748
1685,-0.4238756586465797
1686,-0.9149666064872406
1687,24.622512863389087
1688,-8.452184192372012
1689,-3.9849807543127724
1690,-3.620996446393171
1692,-3.55062319691865
1693,21.25808404356233
1694,0.06763399395059544
1695,-10.653101973408281
1696,10.9046607738897
1697,-3.181341502355105
1699,-3.9821405388179087
1700,-4.408114037956128
1701,-4.900958373282148
1703,-3.632831412134589
1704,1.6235914918157874
1705,0.34939871499965136
1706,-0.6628835192492417
1707,1.872928803042587
1708,0.3435820545522823
1709,-0.7158660631135909
1710,-1.3082210931808937
1711,-1.604008665404237
1712,-1.7583410770568904
1714,-1.4539673705169633
1715,-1.5590789177794875
1716,-1.5577577054090028
1718,24.188310781299467
1719,-5.6577636970736584
1720,-4.858879813964403
1721,-4.16984955054259
1722,-3.574330650799155
1723,-3.058122487931655
1724,-4.824075985970808
1725,-1.8729016826147529
1727,-1.5843993486352872
1729,-1.3406191677621067
1730,-1.136984766202012
1731,-0.9470551632451603
1733,-0.8063384316814108
1734,-0.6982046028250011
1735,-0.6168258629718366
1736,-0.5146025499490037
1737,-0.17940114418637165
1738,1.1263366596065438
1739,2.18649401466827
1740,-0.25531380439793594
1741,-0.6492747607921743
1742,0.01937918098648339
1743,5.833207888007564
1744,0.7719651112990036
1746,0.5033858962566953
1747,-0.6878344842178592
1748,-1.071387242313257
1749,0.5538044824927653
1750,-7.27822380367909
1751,1.2779806968245424
1752,0.707055374056452
1753,0.2820666696139824
1754,16.08161820772161
1755,-2.733194266452834
1756,-2.4894137238599896
1758,-2.250537273145582
1759,-3.3613864832171174
1760,-3.266525211631752
1761,-2.728336300687353
1762,-2.2924630574455804
1763,-1.9432422633548754
1764,-1.6647401198316487
1768,1.2080460057305302
1770,0.8523017611778414
1771,0.45754585106514156
1772,0.2635523127755022
1773,-1.9023684545010866
1774,2.340706074868372
1775,4.189245372254753
1776,5.930257912738718
1777,-2.8635016607088275
1778,-5.706495795713373
1779,17.151869382100998
1780,-4.330732016659184
1781,-4.166736766971361
1782,-0.7111897054727478
1783,-0.8451966998105007
1784,-1.5881423220842166
1785,-2.064570905797737
1786,-2.338679513617727
1791,1.4082979945528464
1792,1.1746880515273759
1793,0.6922170112685393
1794,17.745046550688254
1795,-3.070680250777219
1796,-2.6573059829971513
1797,-2.3941201939680496
1798,20.837618015275996
1799,-18.562680531282137
1800,-0.25527651065895895
1801,5.607906728154823
1803,0.5639838074217032
1804,-0.11975659809592543
1805,-0.6686281062479047
1806,15.396244183366038
1807,-12.4125724522632
1808,-10.373029856227937
1809,-8.670815493045282
1810,-7.251936917112495
1826,0.7589516853254707
1827,0.5575273559103664
1828,0.2509297644383821
1829,0.2680240411534953
1830,0.2070362020642591
1831,0.1529885578818977
1832,0.5023361123942252
1835,24.251050919285696
1836,-7.893891415652391
1837,-1.325813773904997
1838,-2.3365605972530403
1839,-4.650245309583774
1840,-6.500990524603111
1841,-2.6309640326333437
1842,-2.478780367255567
1843,1.7430341696317342
1844,1.3080876273748316
1845,0.8937679843084325
1846,24.057184833036448
1847,-10.295603588986506
1848,-2.1792125892075305
1849,-1.3470360655504123
1850,-1.3828733627210852
1851,-1.4212998978670868
1853,-1.2465078706516834
1861,-1.1728530370065542
1862,-0.6331480233524687
1863,-0.8017659235175216
1864,-0.6787704785940534
1866,-0.4642999832561401
1868,-0.6214477191305363
1869,-0.22984528315915043
1870,-0.21386046485616816
1871,-0.07436775428774212
1872,3.29383063791677
1873,0.28603016285122607
1874,-7.112264128403758
1887,3.0271202583557653
1889,0.5169631194779285
1890,-0.17385264196688865
1891,2.005947910811493
1892,1.6890905997914913
1893,3.20667498349615
1894,2.098989699418489
1895,12.64939453775181
1896,-0.8485728957078393
1897,-1.2797666978387028
1898,-1.5851074193880201
1899,-1.7893289975704114
1900,-1.5926365258094393
1901,-1.5048564175478347
1902,-1.3750396983434428
1903,-1.2129935844723008
1904,-1.0482376396341309
1905,-0.9514943918113659
1906,-0.8031790996980916
1907,-0.7459016269259422
1908,1.3123740839251425
1909,3.7685742544644185
1910,2.073221004299988
1911,-0.6082281270159555
1912,-0.9863349978490348
1913,-1.3958091633819407
1914,2.952189393261854
1915,-5.045719035625375
1916,-4.298989745016904
1917,-3.6762030513881143
1918,2.0121153956665907
1919,-3.4816691773383255
1920,-3.004366471685138
1921,-2.5916141620165476
1932,3.445931377423584
1933,2.971519016442265
1934,2.467053990709438
1935,2.171448608867216
1937,1.8005593768790575
1938,1.5256973144212296
1939,1.1658323336873337
1940,-7.6767209630205855
1941,1.9650281843498902
1942,1.4320240164313347
1943,0.9548416449319888
1944,0.5900327713027309
1945,0.25862341357118623
1946,-0.0341290045967213
1947,-0.28626583196105315
1948,-0.4979993964836851
1949,0.6407430463872572
1950,0.10578921491855198
1952,-0.6772156769627458
1953,12.37082780288658
1954,-3.217822214239149
1955,-0.771707692339568
1956,-5.301505890756047
1957,-7.731980810662471
1958,-6.438668443755418
1959,-5.470226577912989
1960,-4.647712443888466
1962,-3.9446172915075337
2040,2.526225699489487
2186,3.916150887930378
2214,2.187996136357633
2272,1.2533567779978796
2369,2.2881674648563006
2379,3.6684463025971112
2380,2.85388424045032
2381,2.1619469075646407
2382,1.5768846978340036
2383,2.1835947757900342
2384,1.5268069913636069
2385,0.9810795960334673
2386,0.5309623305573155
2387,0.16429639560878684
2389,-0.1330874950584615
2390,-0.3352662671428206
2391,-0.5001173293055601
2392,-0.6324057254865636
2393,1.3208333407506174
2394,0.7659764337177819
2395,0.3150555032158806
2396,-0.04794084572881019
2397,-0.3366794731323921
2398,-0.5627509753497861
2399,-0.7362930580709701
2400,-0.8611470701426143
2401,-0.7599259403519625
2402,-0.8660188797281378
2404,-3.109906723351976
2405,-0.7331851221095036
2406,10.127804151642536
2407,-8.708922127065023
2408,-2.870525845041115
2409,-2.553508952944412
2410,-2.273497841720122
2411,-2.02416218967241
2412,-1.8037556329201365
2435,2.905152277368977
2436,8.84279961444863
2437,12.173037678852552
2438,-4.560164694416493
2439,-3.790226557417448
2440,-3.354561660082041
2441,-2.97415459735538
2442,-2.639534619052739
2443,-2.3448983606582345
2444,-2.0841044729739195
2445,-1.845918952170564
2446,-1.635214049976625
2451,2.277586297732647
2453,3.332834037279362
2454,4.465397596682408
2455,3.4760728328894928
2456,2.6244910021017986
2457,1.5640677186177072
2458,1.093242892316404
2459,0.680626524564957
2460,0.3217618962669917
2461,-0.2658465248286319
2462,-0.365415608624275
2463,-3.6045739441857165
2464,16.125133508046048
2465,-5.020721666962487
2466,-4.453537713270009
2467,-3.9501812089320154
2468,-3.5038312112915264
2469,-3.107463605125858
2470,-2.764545277620009
2471,-2.4564090290387526
2472,-2.182105788926883
2473,-1.9424077307488403
2474,-1.722902182646024
2475,-1.3168458654428221
2476,-1.1898915031717792
2488,1.8919850393962747
2494,1.4306096656744742
2520,22.980460876705493
2521,-0.6854308135812417
2522,0.96131206407739
2523,2.8303068580151347
2524,1.0384905537850742
2525,-0.002706817145924134
2526,-0.3995975648501542
2527,-0.710332951769697
2528,-0.7587912903593228
2529,-0.8111469999037944
2530,-0.8645728079113724
2531,14.573728568731134
2532,-2.5101960376614443
2534,-2.3840893677494286
2535,13.499094929816186
2536,-3.763600333218262
2537,-3.506243956127239
2538,-7.834269836104173
2540,-0.055674169361747516
2541,-0.21258925915509863
2542,-0.48505079570663057
2543,-0.6928346250478299
2544,-0.6783132216509848
2545,-0.6043048714946053
2546,-0.6276936338553263
2548,-0.6696413973801469
2549,-0.7225522865019514
2550,-0.6438974604633181
2552,-0.7312972072344976
2553,-0.8113012939788042
2555,-0.8818611885885588
2556,-0.9429386430764808
2557,-0.980280362996794
2558,8.085785379834824
2559,13.670653274104563
2560,-3.3542553728171463
2561,-3.111774621884603
2562,-14.05956739921736
2564,0.6123998086092257
2565,-3.0304987212665964
2566,-2.916666610888093
2567,-2.67748009166732
2568,-2.458156030942753
2569,15.384607174288291
2570,-3.870005215201715
2571,-3.482401685466421
2572,-3.1656248404540577
2573,-2.8789200911493893
2574,-2.6125516978917602
2575,-2.339893085616616
2576,15.661747962959467
2577,-3.8012961455757477
2578,-3.4369366438512827
2579,-3.1086715830235576
2580,-2.019526044366728
2581,-1.9204485240690374
2582,15.478220120749096
2583,-2.740624839291275
2584,-2.619312024488636
2585,-2.4940931841508345
2586,-2.367122632696976
2587,-0.4241597301679718
2588,-0.6831768268505058
2589,-0.8870489535509307
2590,-1.0403508916417294
2591,-1.151558910005832
2592,-1.2279069697062965
2593,-1.275389615624917
2594,-1.299390855498956
2595,-1.302915843017189
2596,-2.4477250531147448
2597,-1.1459514086413165
2598,-1.1247969098854753
2599,-1.0946750815808315
2600,-0.9783037119794997
2606,12.162308691843258
2607,1.301838702210972
2608,0.8145684361590355
2609,0.16730730311866893
2610,1.3741044271669764
2611,0.4526452181128775
2612,-2.636342323559049
2613,-0.6752286834713033
2614,-0.8488547092689416
2615,-0.9787615518996446
2616,-1.0721166014510217
2617,-1.1354558500397545
2618,-1.0171766976578382
2619,1.8608944944085408
2620,-1.2606721854583256
2621,-0.5708381831664653
2622,-0.709613460459444
2623,-1.0067286240149471
2624,-0.9020782141699044
2625,-1.1404883277140314
2626,-1.1264425991803648
2627,-1.1030233547881068
2628,-1.0725966638932078
2629,-0.9612030242314873
2653,1.4660348693942495
2667,1.781834065686084
2668,1.3813218250922716
2669,2.559319635725423
2670,1.963838605101742
2671,1.4574458018624767
2672,1.0287451205852989
2673,7.733718452424938
2676,-0.10999191328736657
2677,1.1970356551152364
2678,0.7144796301137575
2680,0.01881628923988643
2681,-0.2542958919491696
2682,-0.4745693822392809
2683,-0.6478836322894566
2684,-0.7820675023246082
2685,13.77273671864178
2686,-2.262962605881018
2687,6.734068552860226
2688,-6.761452653457173
2689,-4.514469140384097
2690,-4.062454048982396
2691,-3.6581504178830286
2692,-3.2956521547566453
2693,-2.9693985728999195
2694,-2.6758284008392366
2701,4.010109585299219
2702,2.7070776409486825
2703,-1.55388862498463
2704,-1.5517977003858192
2705,-1.5347713091693507
2706,-1.5058676603162837
2707,-1.4617098478909014
2708,-1.4126764389462139
2717,0.9466430158453178
2718,1.7714107564554027
2719,0.7683718252052927
2720,0.700191493158222
2721,0.5949077538014151
2722,0.4967231478015748
2724,0.41197935857412915
2725,1.6224144703935792
2726,-0.9067347237382322
2727,-2.051746322566167
2728,-1.92069130454108
2729,-1.7964204577692229
2730,-1.6786223272293768
2731,1.760383555956821
2732,-1.738476022680544
2733,-1.6043271212430383
2734,-1.4703026070507335
2736,-1.3389476058492633
2753,1.8867873658657572
2754,1.485602314853118
2755,1.3415926428925644
2757,1.1038427885741058
2758,0.9486720772699471
2759,0.8570468622512379
2760,0.6568877338699721
2761,0.47741374097041955
2762,1.2530844301362123
2763,1.125043885363226
2764,0.982412928246525
2765,0.8259759769103994
2766,0.6507992212085867
2767,0.8784515489197702
2768,0.332141031719388
2769,0.2199687521178646
2770,-0.08828216635474462
2771,0.058217316104908434
2772,0.07548743741185149
2773,0.0733206865368814
2774,-2.6228570812649323
2775,-2.368516803188612
2776,7.67082745933336
2777,-2.8665882700708423
2779,-1.172959155512359
2780,-1.2044192075089057
2781,-1.2177059315013778
2782,-1.2166682582819845
2783,-1.204010861773547
2784,-1.1825021788585062
2785,-1.1543908342875895
2786,-1.1209503260505471
2787,-1.083997898844899
2788,-1.9906083012450964
2797,1.3553617196005874
2862,0.6397289855366424
2870,0.5143806315336761
2871,0.4014083692080703
2872,0.2984941866353097
2873,0.30744230126401106
2874,0.2983509909338977
2875,0.2755827335914347
2876,0.24274234734030387
2877,0.2027914111882012
2878,0.15814661702728472
2879,0.110775433227019
2880,0.07064660823232316
2882,0.028446195864383128
2883,-0.014434299866493916
2884,-0.032960327128492395
2885,0.0038007848501848684
2886,0.13987852584366323
2887,1.401142176020258
2888,13.221576932889008
2889,-2.23938993621028
2890,-4.816138725245075
2891,-4.390176128860098
2892,12.748398004825688
2894,11.512105528347455
2895,-1.072066850078798
2896,0.08651564785944998
2897,-0.3840072199352704
2898,-0.7506449453961501
2899,-5.939439850765993
2900,-0.5292956590080529
2901,-0.8198478490952965
2902,-1.0570344547887842
2903,-1.2478545797072158
2904,-1.2970360462026633
2905,-2.450258145390279
2906,5.719618741749819
2908,-1.0196951001408046
2909,-0.40104343729580805
2911,-0.5186168115683181
2912,0.02128852310919882
2913,-0.16579062687944557
2914,-0.6211825393361821
2915,-0.27072992613801716
2916,-2.718377062418895
2917,-2.52583700676864
2918,-2.3429750289268867
2919,-2.1734251710113313
2920,-2.0171145121847402
2921,-1.871065184391128
2922,-1.7298092309087636
2923,-0.8830428928499714
2924,-0.9698191055827508
2925,-1.0352417234578581
2926,-0.9463496191867051
2935,12.952936376289664
2936,0.1053718272519717
2937,-2.0167851895519036
2938,0.035768314167320625
2939,-0.09170590956546221
2940,-0.17212171117198238
2941,-0.19206316059591444
2942,-0.18398010725436365
2943,-0.20750522775083624
2944,-0.18982185539629626
2945,-0.18880250596126302
2946,-0.19818573665270378
2947,-0.198758621665462
2948,-0.22872808710378223
2949,-0.22936485890465974
2950,11.54864794902901
2951,-2.282742278795425
2952,-3.37873296836694
2953,-2.182277958092996
2954,-3.6879044004653707
2955,-3.0991552581725443
2956,-2.4983385163363323
2958,-1.1783489949606007
2959,-0.5727404172043222
2963,2.206772097335822
2964,6.266766239318734
2965,2.471826388231932
2967,1.0605020963403504
2968,0.399166772256649
2969,0.21217424113189054
2970,0.04943941449253941
2971,-0.20293940936203825
2972,-1.5605987096353218
2973,-1.4305519487886968
2974,-3.4652303673286795
2975,11.981772138324864
2976,-1.9485496109136022
2977,-1.904720017823685
2978,-1.859142591542657
2979,-1.8120465571541402
2980,-0.12698073697063705
2981,-1.7524484939055895
2982,-0.07426937815664303
2983,-3.0615793144454173
2984,6.2639503398236585
2985,-1.8740436378741094
2986,-2.7406179738381624
2987,10.05141895009276
2988,-1.322779862775981
2989,-2.525085714345508
2991,-1.2172274621338062
2992,-3.771506508128475
2993,-0.7725675834095043
2994,-1.5372842842117294
2995,-0.7735679549921741
2996,-0.856556820427052
2997,-2.178655661889337
3010,0.3499030099984495
3011,0.1539099983836536
3014,1.811194257482697
3015,1.4747704150775789
3017,11.720536537984785
3018,0.2256390693157968
3019,0.03974861398778984
3020,-0.048915758204529425
3021,-0.13296061952749483
3022,-1.2311975040587981
3023,-0.47652165764700527
3024,-0.3397759606875681
3025,-0.3989198677001369
3026,-0.4516928548394503
3027,-0.49833913059433854
3028,-0.5391429400045666
3029,-0.5744162435153441
3030,-1.160093560310699
3031,-0.5809628840275209
3032,11.174778791842105
3033,-8.24589242890983
3034,-1.0670125770818402
3035,-2.063460035837828
3036,-0.8461848108929715
3037,5.769974583035854
3039,-2.2445452146167355
3040,-1.9861872087893389
3041,-1.4557916972285554
3042,0.301456352386694
3043,-0.7967473469071109
3044,-0.9036038621314617
3045,5.793438002286031
3046,-0.6764099034639628
3047,-0.26363127198419534
3048,0.16469234561792945
3049,-0.11719830164148703
3050,-0.35498640360351885
3051,-0.7932156865309707
3052,-0.3204497313333263
3053,-0.6226815824290668
3054,-0.4643995038096236
3055,-1.7586906710767707
3056,-0.24243209209320327
3057,-1.182318115709073
3058,-0.39053960599827064
3059,-0.20422285485222602
3060,-0.5677662653434012
3061,-0.6163356340227892
3062,-0.381903366686565
3064,0.5155999720074504
3065,0.9287682905898151
3066,0.41797758119070494
3068,0.1745615549959041
3069,-0.037204322293789005
3070,-0.03425372209502342
3071,-0.008333046127688704
3072,-0.1082357145199282
3073,-0.041812126608149924
3074,-0.17110817675510503
3075,-0.48146174090521754
3076,-0.1783883237304309
3077,-0.2970639087147333
3078,4.8335378105077
3079,5.295638451052824
3080,-0.7614108906763661
3081,-1.5492866409599344
3082,-1.9212672876690249
3083,-0.6220895638552122
3084,-1.0957418433218251
3085,-0.7057452971350742
3086,3.237244971826115
3087,-0.690100890074163
3089,-0.6745526444831995
3090,-0.621768102590714
3091,-1.315940545321446
3092,-0.6959541092010966
3093,-0.7934831499701858
3094,-0.7315639487506402
3095,-1.881941419685809
3096,11.191183386583553
3097,-2.0558462781537514
3098,-1.024117626062015
3099,-2.0046571875120307
3100,-3.774878166820386
3101,-0.5648223564952843
3102,-1.1916466020051146
3103,-0.8389722621010449
3104,-1.0964798638068345
3105,-0.3897996163821844
3106,-0.8827614513477116
3109,1.6426656052816426
3111,2.5798780807730424
3112,0.27089366831209105
3113,5.302010777692836
3115,-0.2347854725335523
3116,-0.3481706315347495
3117,-0.49695945892580085
3118,-0.4932286648311148
3120,-0.5242318617625159
3121,-0.7154014251342673
3122,-0.3213948850613235
3123,-1.4911626756149516
3124,-0.9131497509725577
3125,-3.309719621543259
3126,-1.2991831962326543
3127,-0.6635063552468381
3128,-0.6271372282931509
3129,-0.6923129497557596
3130,-0.6526701695797357
3131,-0.7085024249728207
3140,0.408139247380376
3154,0.3366037318637751
3155,2.568713294252234
3156,1.8482127177530927
3157,0.23473040762851838
3158,-3.16483545328051
3159,-2.9409538168649973
3169,-0.35568467836647955
3170,0.43564673120897623
3171,0.3547251896577066
3172,2.3327536704880742
3174,1.107971868586823
3175,0.47087302777061524
3176,1.1154704132355846
3177,10.751945275899786
3178,-4.405954516197738
3179,-3.5994648991720126
3181,-2.462906217939583
3182,-2.3535494577133917
3183,-2.24694499238327
3184,-2.143283276029102
3185,-2.042711363188353
3187,-1.9414513329280467
3255,10.973862816380802
3264,1.4586405137969223
3265,1.3919264133438105
3266,9.896156056633508
3267,0.21914568811030222
3268,3.936613516794832
3269,-6.433129558762143
3270,-1.2808141170892426
3271,-0.9099160902745069
3272,-0.3763705235151349
3273,-1.0394148137332664
3274,-0.26818853340155613
3275,-0.7973364982590994
3276,-0.47275733233012573
3277,0.0015900815641671784
3278,-0.18649590661311066
3279,-0.34893970831654286
3281,0.10705395101077642
3282,-0.09332276707229425
3283,-0.4617947613447626
3284,-0.3529300906916717
3285,-0.48847215048490966
3286,3.1408393943207713
3287,-0.8859629039197188
3288,-1.3316193431988665
3289,0.09051969879839561
3290,-0.17804227642952952
3291,-0.1980956273271346
3292,-0.1844896667394167
3293,-0.28434224971898914
3294,-0.16896090364842564
3295,0.2932945651735466
3296,0.8599539902499913
3297,1.5812076854042658
3298,9.42542043690083
3299,-0.3989496298033508
3300,-0.8992831072760765
3301,-0.42530742098829677
3302,-1.6416495000600797
3303,-0.4212115053188583
3304,-1.3332611241815755
3305,-0.47738926044954866
3306,-1.4493195745574923
3307,-1.2232606277018334
3308,-0.4401862720810854
3309,0.1999658507192308
3310,0.009703022185284738
3311,-0.15769186667392887
3312,-0.30431809948956356
3313,-0.7743187511193597
3314,-0.2748091714527092
3315,-0.40304822985815747
3316,-0.9237949277694355
3317,-0.5168725058718451
3318,-0.6078737499519775
3319,-0.6855363060852895
3320,0.7346083517392188
3335,0.7727001216120044
3365,0.43652638339170835
3370,4.516056736649887
3371,0.15636590223478208
3372,0.05496986923125746
3373,8.797723000001255
3374,-1.1272217762604662
3375,-6.980250649303709
3376,-1.1705829931180531
3377,-0.9023347545612452
3378,-0.37936115140057325
3379,-0.35485575176968354
3380,-0.5921390229579373
3381,3.7072818315797136
3382,-0.4359148809999738
3383,-0.5274548078803676
3384,-0.6079866408407639
3385,-1.2431234184767206
3386,-0.6375737604216098
3387,-0.7008176984580814
3388,-1.3854977260769203
3403,0.41834790292814006
3404,0.27796906614545946
3405,0.7666086714944527
3406,0.6488607909811037
3407,0.5363812312360068
3408,0.4308150682748675
3409,-0.843177202816328
3410,-0.8767738766545534
3411,8.80904290233929
3412,-1.4613501698865186
3413,-1.4488440544086671
3414,-2.311853064886769
3415,0.1011506358772607
3416,-1.0948787153695463
3417,-0.9308651091122186
3418,-0.9579681653473742
3419,-0.9852747402536011
3420,-1.006760505056171
3421,-0.9429845866216695
3430,0.07927901968485429
3431,-2.1895412314313845
3435,0.43946390508993005
3436,0.4725017491652679
3437,0.2683040355138431
3438,0.21775539298105429
3439,0.28573419358720287
3440,0.23516853333009635
3441,9.107505745185229
3442,-2.3773730177553603
3443,-1.2873912298286072
3444,-0.917114818831422
3445,-2.3653343251458168
3446,-0.6900319902751946
3447,-0.7161001030400911
3448,-0.7391266599429045
3449,-0.7592131200553425
3450,-0.77647118030103
3451,-0.7910203921036683
3456,0.3101344911888333
3457,-2.235469871888668
3463,0.3541366019955845
3464,4.385911376897994
3465,0.01717982283869901
3466,-8.473969750610877E-5
3467,0.28346762366336264
3469,0.24018728443985538
3470,0.183311328619709
3471,0.12862715892204335
3472,0.36452435899587954
3474,0.4890842047936559
3475,0.25839349508193266
3476,-0.03194614797052964
3477,-0.15432630314592188
3478,-0.1143020182527863
3479,0.1280069660972316
3480,-1.6707193968552332
3481,-0.9048158667201562
3482,-0.9256617720690201
3483,-0.8694279276445585
3484,-2.7361010553377767
3548,0.5737536725065695
3556,4.0497158532369255
3558,0.33390341555287506
3559,0.3237499260169585
3560,1.1728357920839088
3561,0.5269727945315665
3562,0.6621085992210283
3563,0.6122917416340385
3564,0.5676372547811255
3565,0.3947876131932304
3566,0.3105199814154318
3567,0.2307583052183233
3568,0.10164884305599031
3569,0.09573550151879573
3570,0.4504293071690668
3571,0.2605974087709839
3572,0.13343856249669273
3573,0.07281647493184096
3574,0.015102366172783377
3576,-0.03965051131748254
3577,-0.13183691950979437
3578,-0.1588453434505439
3579,0.16445921021156806
3580,0.1549812433025366
3581,0.09389278866441941
3582,-0.9774178462001828
3583,-1.0705262458996785
3584,-1.0723169207069674
3585,-1.0715272607351523
3586,-0.9810966139757085
3587,-0.423004932921323
3588,-0.488031260221959
3589,-0.5428647180340889
3592,-0.5903165893778919
3606,0.5309588581092015
3607,0.700083312176325
3608,0.35858463087046033
3609,0.32179423869956736
3610,-0.1155651430784701
3611,0.2673494360301092
3612,0.43281317561863375
3613,-0.619486023914007
3614,0.1943313926499215
3615,0.3468770911727219
3616,-0.3419251481699135
3617,0.06102324460176334
3618,0.055756596957699855
3619,0.05184353061815017
3621,0.04209971952526104
3622,0.03125826004809085
3623,0.5699141822294891
3624,0.5281449337692194
3625,-2.4934214070022307
3626,-0.8739318731389005
3627,-0.8546441846334076
3631,0.4273473202454454
3632,0.107036885510702
3633,-0.5146163970006157
3634,-0.5654078257133293
3636,0.3223527045108696
3637,0.2186277676675843
3638,0.6024907394802099
3639,0.5063854576548223
3640,0.36751923823928934
3642,0.63746022372721
3643,0.5380213187607268
3644,0.3887907822412373
3645,-0.45065907791870075
3646,-0.951681120250278
3647,-0.49968823900994863
3648,-0.8689320467706523
3650,-0.46036302012993247
3651,-0.5157900499206676
3652,-0.265428920904931
3653,-0.33954002671443817
3676,0.9452718841679868
3677,0.9562256963709004
3678,5.042893858804945
3679,0.6938044353124013
3680,0.5945037577759109
3681,0.5000997535695078
3682,0.7432866822139204
3683,0.47100282378431757
3684,0.15380878527260222
3685,-2.8517794489454147
3686,0.6072051417245063
3687,0.17831242703124417
3689,0.2586267230010506
3690,0.20427522128325393
3691,0.1651351441460207
3692,0.12914609599783944
3693,0.09219491075720043
3695,0.054700644657820874
3696,-0.03221065404896706
3698,-0.06141048687751294
3699,-0.07732402358892188
3700,-0.19571219075537982
3702,7.287235095290896
3703,-0.9934928354841119
3704,-0.9476312457176235
3705,-1.3793495434818652
3706,-0.7903390856643142
3707,-0.006094083296396491
3708,-0.03731365523643859
3709,-0.06830471982581798
3710,-0.09883007093982599
3711,-0.12870149829809918
3714,-0.15495559552543625
3715,-0.1807354085453241
3716,-0.20580924500681874
3717,-0.2300438824807074
3718,-0.49318979167802013
3720,-0.26266042357926267
3721,-0.954547209850098
3722,0.3173460230155243
3723,0.16247531103847734
3724,0.15385401305656643
3725,0.20827494112150902
3726,-0.25719534636619557
3727,0.16931589158292581
3728,2.199433664370936
3729,0.3671996920769516
3730,-2.413846203201821
3731,2.6705052685588697
3732,-0.5790339711683075
3733,0.4712116205209682
3734,3.670111918094232
3735,-0.48317314271289646
3736,-0.8217551874333751
3737,-0.6497392363549679
3738,-0.7099637268870502
3739,-0.7625884354047265
3740,-0.7225560435768585
3741,-0.7707307251782325
3742,-1.580642671417806
3743,-0.8061743466457543
3744,-0.8383259468248667
3745,-0.8652702904623482
3746,-0.8198648326724225
3747,-0.7163809304752107
3748,-0.7490482410457417
3749,-0.7766899179422424
3750,-0.6309243919010399
3751,-0.6588672229200156
3752,-0.5188192709003161
3753,-0.5615906374561348
3754,-0.3241941875691765
3755,0.15257718800818765
3756,0.055944337152595836
3757,-0.054710343748539
3758,-0.14496353117543492
3759,0.6416053660621301
3760,-0.2909328084416103
3761,-0.06085670415358635
3762,-0.1508126182624494
3763,-0.23143963971222803
3764,-0.03711320248440586
3765,-0.10042149222299201
3766,-0.1851051351349966
3767,-0.9568771472505588
3768,-0.20663644880376353
3769,-0.08144615296225766
3770,-0.07721928923609767
3771,3.5455552911670978
3772,-0.1365529502502696
3773,-0.4007637607781618
3774,-0.16951756893431735
3775,-0.2500859717429549
3776,3.45916594352709
3777,-0.4989849336907284
3778,6.180474179381434
3779,-2.061293932673564
3780,-0.6534557619742145
3782,-1.3141009040216147
3783,-1.2378530982250666
3784,-1.1690350813886852
3785,-1.5483823021512677
3786,-0.4972529807468433
3787,-1.7589435648289964
3788,-0.40010245120090104
3789,-0.45250128856986294
3794,4.277631081039381
3795,0.6318203474199748
3796,-0.4801337296005599
3797,-0.4553555951877044
3798,-0.7408187619208562
3799,-2.389949854383552
3800,-2.2686820042561777
3816,0.831806417603751
3817,3.9248461169029554
3818,0.4836736981065357
3819,3.821404292806946
3820,0.17127133863598232
3821,3.6179389445055676
3822,-0.0640077937127046
3823,-0.1224964634250938
3824,-0.14665890312836893
3825,0.17708219412941872
3826,0.3591072037854133
3828,0.25422860954395077
3829,0.19792611471155652
3831,0.06395808194325525
3832,-2.7967646942936284
3833,0.16149858105039527
3834,0.1140741891891821
3835,0.30482158398947234
3836,0.1981870857942738
3837,0.10980205105224172
3838,0.06696383028917552
3839,-0.0729315415292362
3840,3.6751090717189143
3841,-0.3042425476014472
3842,-0.38809819348373154
3843,-0.547183924330664
3844,-0.056348126187153014
3845,3.7294623758344514
3846,-2.9707584844860513
3847,-2.8265020697960104
3848,-2.6873238091743303
3849,-2.554986968578085
3850,-2.431200446639643
3851,-2.311577481000782
3856,0.5010355769218222
3878,0.5109752698218628
3879,0.47943919190719697
3880,0.8633023808946518
3881,0.38478630958250193
3882,4.480988104396481
3883,0.11886578756463706
3884,0.10015524607209159
3885,4.001162176495548
3886,-0.1137023621019182
3887,-0.12671007633278464
3888,-0.13794154647434453
3889,-0.3160840787803849
3890,-0.17486550799188905
3892,-0.1857849409767951
3893,-0.19759436215848325
3894,-0.21008527278699063
3896,-0.22301789745097977
3897,-0.23636286036006737
3898,-0.24992221471100606
3899,-0.2393620331239319
3900,-0.023965646197019908
3901,0.7821613199705695
3902,4.108609366570111
3903,-2.5798056607976427
3904,-2.4661831978410547
3905,-2.360406965198827
3906,-2.259123191721301
3933,0.5000917921890817
3934,0.9140053478727737
3935,1.1568349923573251
3936,-1.7573233261333812
3937,3.108486899367662
3938,0.7071911137346163
3939,0.32803074599057425
3940,0.31244558250560317
3941,-1.5965814632805717
3942,-0.6576941826113583
3943,-2.765955630759315
3944,-2.2082770029596404
3945,-0.6668538011476173
3952,1.8742526500265484
3953,0.547034794011104
3954,0.4483380051732908
3955,0.39458325992209353
3956,-0.7835870832913798
3957,0.38134113962353666
3958,0.33169493747077183
3959,0.28369442113390875
3960,0.23743068112392507
3961,0.19489725351783704
3962,0.1978381720405622
3963,0.31901892255344677
3964,-0.8345194821919577
3965,-0.8424817273608838
3966,-1.6026464486649346
3967,-1.4434692694795785
3971,0.3426475308731014
3972,0.30011983443028356
3973,0.2347162352186416
3974,0.19884441596361313
3975,0.1639529005482956
3976,0.13007197057346076
3977,0.09899702784787934
3978,0.06879068692893497
3979,0.03950113267004696
3980,0.2688394560994709
3981,0.5346926022891836
3982,0.5137330543210936
3983,-0.9023835188266389
3984,-0.9006309951252902
3985,-0.8973431641939342
3986,-0.8926565400323199
3993,0.4253875587912219
3994,0.3719827389490149
3995,0.32067504765571897
3996,0.49759784627393344
3997,0.18640625256146137
3998,0.2732378451192332
3999,0.29680474029385095
4001,6.39923794490182
4002,-0.4551419657378659
4003,-0.2252804682297409
4004,-0.2195333723888382
4005,-0.43740564831342965
4006,6.153256356503036
4007,-0.9606166509861147
4008,-0.4563724335977817
4009,-1.4641765132974314
4010,-0.39326097119531767
4011,-1.6549547019304782
4012,-0.8058626159211286
4013,-2.2055075131029866
4014,-0.6761042879504515
4015,5.556232649396321
4016,-0.8994364423567092
4017,-0.9085047363443195
4018,-0.9151138019588743
4019,-2.9810891706774854
4020,-0.5798714165442576
4021,-0.32311580095603176
4022,-1.0175249124909769
4023,-0.2551803635108598
4024,0.0771072424241197
4025,6.291404817486935
4026,-1.5862415996417525
4027,-0.9634619583656985
4028,5.3371720244250405
4029,-1.62978056242898
4030,-0.5290090040673192
4031,-0.5714157145304171
4032,-2.3584357547617003
4033,-0.5039083833989793
4034,-0.5420055130096628
4035,-0.5758570640223866
4036,-0.3887623335685717
4037,-0.4338008163890805
4038,-0.1413499094285129
4039,-0.19420695764643625
4041,-0.2420223225800271
4042,-0.2858864063906381
4043,-0.2731047394903072
4044,-0.11160854705173762
4045,-0.16603839044776691
4046,6.227959984010688
4047,-0.4915665333176378
4048,-0.4695835173376466
4049,-0.5046920936859394
4050,-2.085847436345574
4051,-0.835195636076449
4052,-1.0989009865726302
4053,-0.6508399103060825
4054,-0.3332789201338926
4055,-0.9483639872274381
4056,-0.4823015619379234
4057,0.053905348983171564
4058,0.11416793465963337
4059,4.046074171193844
4060,-0.5406261153905945
4061,-1.7932284602855049
4062,-0.012878775242704421
4063,-0.07246566690736955
4064,-0.3995924694137898
4065,-0.24630611557707738
4066,-1.8541625901050978
4067,0.4089065130803249
4068,-0.13718469480546247
4069,-0.08271437760973299
4070,-0.1352723309254955
4071,-0.12930542131994116
4072,-0.3246232695263984
4078,0.4206667007819078
4094,-0.13481153676877966
4095,1.1786000156038838
4096,0.9948157049248536
4097,0.7761713723063934
4098,0.5145375129011143
4099,2.576195367567607
4100,0.5159571747659015
4101,0.3724792056829429
4102,0.34338475525403567
4103,0.2997553860054083
4104,-0.4817565403231612
4105,-0.46112138191006125
4106,-1.665565615902402
4107,-0.7207020648043923
4108,-0.18904298218549798
4109,-0.23953231087642735
4110,-0.42589742727847124
4111,-0.2449835373637228
4112,-0.28923308536674597
4114,-1.0821964942721678
4116,0.0383777037529498
4117,-0.027132943335196558
4118,-0.08747247253572255
4119,-0.4751341659084858
4120,-0.3298310737551162
4121,-0.1506212321670688
4122,-0.06184428433226685
4123,0.356829073386848
4124,0.20802254433836964
4125,6.009862732310438
4126,-2.1161077740712813
4127,-0.2824480024557019
4128,-0.24893582333701403
4129,-0.17245793617052385
4130,-0.22747902319802904
4131,-0.2775213782067354
4132,-0.32312848428014007
4133,-0.36457932650559144
4134,-0.40213743697260185
4135,-0.43605169636428087
4136,-0.8809307817147101
4137,-0.4452429385436716
4138,-0.47292740863777283
4139,-0.20129209291536654
4140,-0.2479829109846179
4179,0.34152706334292304
4217,0.3074747442078021
4218,0.2682090284499523
4219,0.243725729422529
4220,0.21929239194015793
4221,0.19642126466283116
4222,5.630175250206932
4223,-0.06369607762936624
4224,-0.1311858583294807
4225,-0.06920198310303505
4226,-0.1968388100983205
4227,-0.12112384787899089
4228,-0.1276496903323121
4229,5.412179041761899
4230,-0.308611522074294
4231,-0.2679189993234772
4232,-0.3123619258601842
4233,-0.2710072034409592
4234,-0.23285229015265685
4235,-0.1975809374031101
4236,-0.16509975088325035
4237,-0.135151129223253
4238,-0.16059314305135075
4239,-0.1842669396053438
4240,0.021341429772100184
4241,-0.0166156281232972
4242,-0.05199422731197956
4243,-0.08401441729522219
4244,-2.1283375585618387
4245,-0.571202559442689
4246,-0.593039022732512
4247,-1.1665125337794677
4248,-1.5615614898714867
4249,-0.9355339382382226
4250,-0.46824343851745454
4251,-0.49054368384005187
4252,5.5410257940500784
4253,-1.987220786945727
4254,-0.5753540022557502
4255,-0.593434962883812
4256,-0.6092968466077195
4257,-1.1865790674776875
4258,-0.5790523180948597
4259,-0.5924471717960529
4261,-0.6033958820776064
4262,-1.775963536622612
4306,0.23692558955040255
4336,0.5914681920930178
4360,0.5328145007716074
4453,0.6566764589710345
4465,0.6520724233147064
4475,0.36575864511652156
4476,-0.5358799998749006
4477,1.1336109351196342
4478,0.5323453150824093
4479,-1.1768216479299127
4480,1.5562803872618503
4481,-1.6856833890725653
4482,3.1784103314344705
4483,3.515857114492917
4484,3.739196563132843
4485,-1.0832998151064501
4486,-0.5400051096566045
4487,-1.0726214876286306
4488,-0.49511807462876334
4489,-0.9876893754927849
4490,-0.49291104257201823
4491,4.645240230340146
4492,-1.2879240456881256
4493,-1.786547661450257
4494,-1.4749758565300084
4495,-0.4708477035390146
4497,-0.4541916756486728
4498,-0.43858334104665886
4499,-0.8778244213825701
4500,4.69556660464923
4501,-2.3989082464339333
4502,-0.5749010864052764
4503,-0.38233648892152416
4504,-0.4063965528293849
4505,-1.0154073118885378
4506,-0.6379312086871138
4508,-0.2097219078282322
4509,-0.20256747165339561
4510,-0.6355814864425469
4511,-0.3819796970925111
4512,0.15797997733788804
4513,-0.5158921351576851
4514,0.12336414734001977
4515,-0.3099904524314354
4516,-0.3326535986053685
4517,-0.3534967660783508
4518,-0.3726157171575579
4519,-0.35995965402006647
4522,-0.37737147631503376
4553,0.29916793935754527
4556,0.25598998096451453
4562,0.27934613167725075
4563,0.24181791418779852
4564,-0.17169017062285263
4565,0.21240837185709438
4566,0.38053086132106984
4567,0.15761092769541563
4568,0.14035509207300123
4569,0.1119483995407009
4570,0.09652480647120143
4571,0.07022087203359462
4572,0.056503069926691296
4573,0.04361354618230706
4574,0.02044656573752235
4575,0.009042163211844922
4576,0.0031878323929177554
4577,0.022531442928226397
4578,0.03922691961689395
4579,0.055121707013782384
4580,0.07135183034709058
4581,0.08719274810882638
4582,0.062418114602117214
4583,0.07659193215789628
4584,0.0897397736735357
4585,0.06920024462152696
4586,0.0493517386741118
4587,0.03213198603796741
4589,0.015981118226285673
4590,4.234106881639832E-4
4591,-0.014562563424561858
4592,-0.44610018473425583
4593,-1.9596268302475224
4594,-0.3472812482802681
4595,-0.3633103520902736
4596,3.044785969048057
4597,-0.8960599125963142
4598,-0.8624625093004283
4599,-2.2004455035413955
4602,3.2605671796213755
4603,0.09701088920108702
4604,-0.3281223718475985
4605,-1.005334026870095
4606,-0.6211162932030305
4607,-0.31552750501275284
4608,-0.617817438652402
4609,-1.399580637391395
4610,-0.19403326559611855
4618,0.2239969401333397
4644,0.2888930414396995
4666,0.20895474084410637
4685,-1.2838128424310256
4692,0.1639279161818763
4745,-1.2153613058788224
4754,3.2409094847987774
4755,0.5973500498132651
4757,0.7175742286371616
4758,0.4816882608629527
4759,4.483449618160051
4760,0.07524909126072288
4762,0.1549248385035895
4763,0.33998521998653075
4764,0.05981834568734001
4765,0.04642320863954552
4766,0.022247872062756358
4767,-0.018257823272492146
4768,-0.02678411960774696
4769,-0.057478910175355225
4770,-0.061937144371675856
4771,-0.07253408576335829
4772,-0.4938409528733061
4773,-1.3989372955361077
4774,-1.4021564175695787
4776,-0.26237149563206685
4777,-0.2791335829196697
4778,-0.5665032889630695
4779,-0.2638802570846366
4780,3.7639597783031604
4782,3.925263177472978
4783,-0.48509960259857365
4784,-0.9536692302467884
4785,-0.4692550784834495
4786,2.5031569999284926
4787,-1.9060619594943162
4788,-0.43890613735173645
4789,-1.2563069839552767
4790,-1.0541888697822088
4791,-0.6084884056778108
4792,-0.3085684049404591
4793,-0.6229592364705141
4794,-0.3143757374608924
4795,-0.3282618593210245
4796,-0.303547289050492
4797,-0.6110950484720519
4798,-0.5479925389612106
4799,2.6601649893299637
4800,-0.35361947434279273
4801,-1.3787484311108287
4802,-1.1648383413533807
4803,-0.2726798376875692
4804,-0.5519621319857464
4805,-2.156388276335292
4806,-0.647920193415068
4807,-0.0991452259259944
4808,-0.12063001594339084
4809,-0.1408029044528547
4810,-0.2590663982728856
4811,-0.1421000854414416
4812,-0.16072032230339772
4830,0.30290971673916545
4831,0.28842947980642464
4867,0.4509694977799654
4938,0.3179235234808431
4948,0.2219283307791997
4949,0.19871329407391158
4950,0.2807238010205566
4952,0.4969435057191802
4953,0.22801525989132898
4954,0.19176040919194293
4955,0.1771331213270102
4956,0.14526233810680367
4957,0.13281918048443941
4958,0.12055191288083478
4959,0.18148060851245873
4961,0.0716488474958652
4962,0.04849397216496243
4963,0.05587684874075194
4964,0.0658462609961461
4965,0.07521821135730988
4966,-1.1999183964449998
4967,0.11513301068261939
4968,0.08426505366611536
4969,2.507265854832049
4970,0.028131030046417038
4971,0.037628400024857456
4972,0.04583902587933153
4973,0.05357027768971534
4975,-0.23247915160672505
4977,0.03290563614723396
4978,0.04132965761568386
4979,0.04925138844623689
4980,0.020280404672874397
4981,-0.005853611454021745
4982,0.0811911225519637
4983,0.07897702373911386
4984,0.05012104654441174
4985,0.022662605441304606
4986,2.421779109998468
4987,-0.04026774490180429
4988,-0.0453828659268396
4989,0.0018768576564553996
4990,0.046502598967684605
4991,0.08877221853033745
4993,0.12908243989843982
4994,0.16749129800349039
4995,0.1637579501333235
4996,2.356825372616292
4997,0.0903420457170725
4998,0.07976566590362211
4999,0.06968183560626073
