1.699118680395926617e+00
-8.023932342670916928e-02
-4.735546277402563620e-01
-1.742131197742168291e+00
-7.305184284490254809e-01
3.800787992796632597e-01
3.924276504907681096e-02
-3.193434478331370618e-01
9.787336256492079611e-01
1.690457229533741668e+00
2.866240630332487216e-01
2.344058465650812995e+00
3.388783933556016592e+00
3.466387537903957483e+00
4.307098442299579055e+00
2.944318868741056416e+00
-5.273703137174046152e-01
4.214576942002088988e-01
3.051513754203514783e-01
5.319087024827683363e-01
7.817260260550669138e-01
-1.968394265967878143e+00
-1.146550011532471158e+00
1.432517978245636536e+00
1.695929122758373042e+00
1.249930065859049311e+00
-1.222717632533747212e+00
-1.836036891749509570e+00
4.224990109449865416e-01
2.724220007278356004e+00
3.119438600462129063e+00
3.223125070573432005e+00
2.831878271538078362e+00
-5.477705056307381470e-01
-1.724324160391720762e+00
1.204869977106053813e+00
2.102663803602866643e+00
5.372331082854411161e-02
4.975937613944991789e-01
-6.318157606746088728e-01
-1.167924700562454676e+00
-1.031647381348003378e+00
-1.098064933469924398e+00
1.202770522922444352e+00
7.311545676935551352e-01
-5.833476387132618957e-01
-2.328072707398585628e+00
-2.069109858978627425e+00
-1.818682087492274446e+00
-3.712801609729802443e+00
-8.194242002008556014e+00
-9.778145299413147029e+00
-8.258540469177686916e+00
-9.084162673607528049e+00
5.484966717928642099e-01
5.224236232039711325e+00
5.612907896935931618e+00
4.104802657706895452e+00
2.353579445723342101e+00
1.432388824768888291e+00
1.175816207703595934e-01
-8.194589283121702650e-01
-7.305131693783506464e-01
9.959668791493911932e-01
3.187835999501742901e+00
1.739725493676105961e+00
-5.163710415505481377e-01
-9.242806885810224138e-01
1.120294026594243819e+00
4.146289041562585709e+00
3.394509150823496579e+00
1.576095543661499010e-01
-1.786574948401361551e+00
-1.473782337578826374e+00
7.143018579088735720e-01
1.126853949605457483e+00
-1.208096736713482056e-01
-9.820001458390731353e-01
-2.759885369715087133e-01
-3.038848718958420680e-01
2.497302592201660395e-03
3.827446783314181200e-01
2.134259428459361452e+00
4.302912103294468160e+00
6.917535747364476073e+00
3.541540409494132735e+00
-1.918667787805883096e+00
-2.313620556966845321e+00
-1.752120745775580246e-01
5.149151464688493940e-01
-1.118998782128820535e+00
-2.119535062660074853e+00
7.118223635598139865e-01
3.845578024466283384e+00
7.272445696557603423e-01
-3.939042598438927456e+00
-4.329598341140375339e+00
-4.210675309706160441e+00
-1.931620096086487326e+00
1.754486579887494457e+00
2.196072735886708469e-02
2.794384690447118569e+00
8.890850250232087859e+00
6.607856480222626949e+00
4.315816469615226580e+00
-3.411709095414133142e+00
1.043964010364403783e-01
3.242145382332636494e+00
4.684784033932593239e+00
8.338715323795941714e+00
6.533619339559293415e+00
-6.005595707086290869e-01
-7.399056121649616458e+00
-5.241625800047343020e+00
7.643638672806054579e-01
-2.072466565006101824e+00
8.892095317757924278e+00
1.705739412479798034e+01
1.656365667353539450e+01
8.281194144383324129e+00
-2.725919211426615973e+00
-1.441737925742588189e+01
-1.305155387587720561e+01
-1.618768746103387279e+00
6.512301358665387063e+00
5.557370557445257653e+00
4.023394427415423635e+00
2.973051930692869771e+00
6.140066272948788040e+00
9.014403653086830559e+00
4.588413959135352549e+00
1.098751551812362948e+00
-1.005145270289494047e-01
-4.196343027704263484e-02
2.968185829679002463e+00
3.203926471622436267e+00
-1.745496968975586594e+00
-2.209749481885280975e+00
1.705967102815368008e+00
3.368816295877262501e+00
1.365922129025374021e+00
1.141663016380649820e+00
2.643583224759167738e+00
4.855217914234033039e+00
5.606623845566836017e+00
3.034847617546678311e+00
-1.988259771857551783e+01
-1.607849042081298876e+02
-4.743789628557213978e-01
-5.721034519288080133e+01
-5.586109843149471033e+01
-1.092060755640510195e+00
-3.806090614208456913e+01
-7.940406040220891271e+01
9.130603786102611807e-02
-1.298051203220034477e-01
-2.658323471593495579e+00
-3.809608786824589544e+01
-3.314453478860195812e+00
-4.529293608936161775e+01
-6.053690540218870986e+00
-2.656973061024903160e+00
-1.136082011102487188e+00
4.743495649790157920e+00
1.598192788010901388e+01
1.448676998805452953e+01
6.197440836755657934e+00
1.004841016067062753e+01
7.870417311243326886e+00
9.266593713876268623e+00
2.973164097773395742e+00
-6.532582155063600737e+00
-1.120490568291527822e+01
-7.162150350771603335e+00
8.962276879088694415e+00
1.096116061778377926e+01
-9.013429403378291349e-01
-8.837103103151102701e+00
-5.072423614313201767e+00
-3.718920317981461388e+00
-3.714226682696811110e+00
4.580747846507475241e-01
-4.779143675260601576e+00
-5.675093918126809633e+00
-2.747222254527433183e+00
-6.973267754051211575e+00
-9.973800492185253219e+00
-4.650588329331649007e+00
3.941441665612675394e+00
-9.539816167739571640e+00
-1.664907947640040931e+01
7.804416200418317073e-01
3.024813002758061753e+00
-2.760375703550368875e+00
5.547519736542145807e+00
1.595169595337737967e+01
1.258275684845539466e+01
1.128702447050658897e+01
9.945443389588870531e+00
6.597661568815988531e+00
3.721047318786121494e+00
9.689409463419400126e+00
1.213115550083014149e+01
4.600491160752744335e+00
2.178065262991930595e+00
4.889067051646726725e+00
5.658364817152389037e+00
1.706819471890429929e+00
-3.983270959948016721e+00
-6.033994171013428165e+00
-2.067610018499529634e+00
1.884409703498078459e+00
2.786602644755672209e+00
-8.140872842083900496e-01
-3.388211060541326702e+00
-3.239629835226283561e+00
-9.465575745016403530e-01
-2.060760839394817356e+00
-3.189353293339671769e+00
-2.442025712024472828e+00
6.209606751444097128e+00
5.485728286735589876e+00
6.611592499398831757e-01
3.419250922704170303e+00
2.391120910757990270e+00
1.542186731283525125e+00
4.373425156241496303e+00
7.043964643248695978e+00
3.372022228820523271e+00
-5.421671278630475488e-01
3.375852698268096752e+00
5.016611954852378652e+00
-2.789823635178406008e-02
-2.815241988306744769e+00
-3.636549284710038243e+00
-2.250512484244722611e+00
1.429586488382008191e+00
-1.696552673349355667e+00
-2.491547369541793788e+00
8.346543727526087864e+00
8.981220957609123090e+00
1.325170996111525223e+00
-2.987086916689278837e+00
6.523222989773002078e-01
3.424489674757012381e+00
4.866542115821569148e+00
-5.990329106447472851e-01
-5.146604664445634469e+00
-2.702449589814542197e+00
-1.728557251604785128e+00
-9.440151563994161776e+00
-5.360979981411987616e+00
2.532543144313171624e+00
3.844502014647844246e-01
-2.900320099748888047e+00
-1.931071638983748340e+00
6.709289842709671881e+00
8.788128691085793420e+00
4.934309374067320952e+00
7.318259406013475354e-01
8.369510366550771963e-01
1.850842187455751242e+00
5.873493022400547714e-01
2.802862723517816512e+00
4.078842220604728119e+00
-5.165182045653421206e+00
-9.435616999430585849e+00
-2.383883433715161537e+00
1.324517025147589899e-01
4.053749636375365006e-01
-2.762388720108742479e+00
-2.829117040774146385e+00
-4.733890599432232782e-01
4.559794470847548520e-01
-7.582332814980766722e-01
1.550077970725338261e+00
3.397717649609271362e+00
3.859363614360164618e+00
4.765642610240633736e+00
1.231782727132286315e+00
-3.098233871883307788e+00
-2.933430783406549391e+00
-1.318299571380805002e+00
7.624252432868489082e-01
-2.309669278731380171e+00
-8.358569122949431884e-01
1.611913914246192236e+00
5.558012018027642220e+00
9.989139423368710524e+00
1.459475497272839206e+00
-1.378348064221200930e+00
2.853485016134542640e+00
2.224852534413944039e+00
3.114283851926020197e-01
-4.441346032844032621e+00
-1.699243460828829377e+00
4.142983471066036927e+00
4.873575975537640659e+00
1.400118173177421210e-01
-1.143170053754275495e+00
3.248099865620398763e+00
8.486104492079228123e+00
6.608126821726286515e+00
2.915745169839808248e+00
2.827229563756890496e+00
2.558966312250041675e+00
2.133287519261901632e+00
3.544721374746770959e+00
5.909778687261508345e+00
1.182930950528952474e+00
-1.785783567444375547e-03
-1.063327490144061471e+00
5.291995895507142222e-01
4.065621677650861354e-01
1.681954553943879604e+00
6.177561021513374939e+00
3.629775243577636257e+00
2.677268487364675043e+00
3.455468363551044586e+00
9.239469272728488392e+00
5.064301615095729403e+00
3.381931292683444834e+00
5.786275652729473862e+00
5.502398353815742382e+00
4.319990479204887990e+00
6.201066918137921213e+00
5.356294911080721199e+00
2.799460764260400136e+00
3.837803320487226610e+00
6.946066288851324266e+00
5.152959276164524205e+00
1.438959100737363439e+00
7.274355387442659193e-01
5.163093902177916306e+00
6.209490931245057688e+00
3.748970160388629846e+00
1.292305612423934935e+00
2.166331192358349700e+00
4.608768771558399813e+00
4.751926719689432588e+00
3.602971904060303210e+00
3.579681327062518736e+00
1.727525267546029086e+00
-2.825024418398636716e-01
4.715459277991609910e-01
5.799976059931642780e+00
5.205253556868981057e+00
2.470197610941730293e+00
-6.316842925829434241e-02
3.796872971514579920e+00
7.802538824127150718e+00
5.228261031713620888e+00
4.492098045534958395e+00
6.967921308635411037e+00
5.733766702889472100e+00
3.087116857148295423e+00
2.343689297534519156e+00
-3.452414295279279122e-01
3.282529988630829454e+00
7.131270017516547099e+00
5.346416227481163297e+00
5.126108819593090615e+00
3.373490668423767325e+00
2.645965652235215959e+00
5.323412364450308409e+00
5.355893073000501658e+00
5.702102201824208905e+00
4.775500435556255141e+00
4.034171003588252979e+00
5.310660229623643147e+00
7.968210352934794294e+00
1.005493200989531211e+01
1.640303091115831435e+01
1.461460538537260234e+01
1.069846909622523334e+01
1.187644045818104743e+01
1.543380955825625733e+01
1.986236867728613120e+01
2.409100120832444958e+01
2.513933304733116358e+01
2.071209890968752632e+01
1.712980622190147528e+01
1.960072899646901234e+01
2.374170888371186194e+01
2.291682464391657348e+01
2.197306083046727210e+01
2.216003175976303297e+01
2.003664442952268487e+01
1.757022941574012975e+01
1.486957355770911882e+01
1.403231572722933329e+01
1.537707920742335865e+01
1.806683810287098169e+01
1.709729683884067342e+01
1.335853904442725870e+01
1.306344175511585171e+01
1.557984202656134443e+01
1.692455690051970407e+01
1.942803167409771703e+01
1.902382419133399338e+01
2.020557302256673537e+01
2.070276462764896053e+01
2.468636860332516036e+01
2.753862173319990347e+01
2.280589348557513674e+01
2.466525801052622313e+01
1.909573956770494618e+01
1.963188024748692229e+01
2.197796891032048450e+01
2.341792286930651557e+01
2.354411788685705531e+01
2.601025456843480299e+01
2.283771795950303130e+01
1.775576965832005882e+01
1.694873763596881844e+01
1.997962831916819582e+01
2.541919713194502961e+01
2.795722450883324584e+01
2.504152221889096452e+01
2.210361864468560000e+01
2.073816894888832962e+01
1.183565551103191638e+01
1.049521924092773695e+01
1.662477750292374878e+01
1.817879023308327646e+01
2.108491333718076177e+01
2.299344677574231000e+01
2.350840820186721203e+01
2.345035839424055268e+01
2.095308301641462734e+01
2.437278149760076218e+01
2.684707505858843390e+01
2.584875569974428089e+01
2.050236406300901493e+01
1.963255361220476658e+01
1.911633820042582599e+01
2.016894031090853190e+01
2.431423725710232731e+01
2.238828431421993415e+01
1.552141469485876613e+01
1.592808775989743530e+01
1.721235754747867119e+01
1.559788005132737965e+01
1.650546245034367487e+01
1.790240290609444784e+01
1.938826156482929264e+01
1.661983211033609820e+01
1.798949673893384116e+01
1.768685916835609007e+01
1.994819029357095985e+01
2.037130210406470709e+01
1.980271927305213353e+01
2.309111249710995750e+01
2.736429791671039524e+01
2.383670426564046352e+01
1.804700961966169004e+01
1.857143687993329451e+01
2.080668409639441663e+01
1.672386395932259617e+01
1.483436340207098247e+01
1.702003568149388002e+01
1.930010027754518731e+01
1.874156328960388507e+01
1.953859603021481917e+01
1.894802924161273339e+01
2.029241702002440206e+01
1.999890085506035931e+01
1.995392784334427816e+01
2.394366511482347804e+01
2.432998215314168888e+01
2.089596570220909300e+01
1.793383950237869584e+01
1.579174412293749974e+01
1.594916015898463968e+01
1.980827611210801820e+01
1.826826876486688533e+01
2.090256834903490812e+01
1.901079735778593260e+01
1.944890506054593615e+01
2.217344916336047689e+01
2.836165261458785736e+01
3.517330887295078412e+01
2.584699455641946741e+01
3.045856103186025621e+01
3.014767275256684798e+01
2.933504529903637348e+01
3.253756500149317077e+01
3.579882463517770219e+01
3.753414643690324226e+01
2.244050014299560303e+01
2.257786305892238587e+01
3.708744845500539355e+01
4.979496922869253694e+01
3.644436338761911998e+01
3.316241195230416849e+01
3.154375788954251192e+01
3.300375705521636149e+01
3.310468772780762237e+01
2.601067127427644721e+01
2.447878527298702522e+01
2.454184587738114232e+01
2.252477958783409306e+01
2.115589595920311439e+01
2.534269634193797671e+01
2.043436984615306429e+01
2.469198157639928937e+01
2.331710359307372116e+01
2.249568613571659270e+01
-3.817414949336729091e+00
2.378340461637312586e+01
2.439176634655885323e+01
2.417531209503160028e+01
2.645472422975316462e+01
2.418948384716096456e+01
2.466640921029245348e+01
1.915784710089808129e+01
2.359684549291853983e+01
2.251220664674097449e+01
3.216788183294058712e+01
2.331407515706494848e+01
2.150950841184660689e+01
1.934550917763095157e+01
2.427217198669144693e+01
2.084371544407083476e+01
-8.408598703059560364e+00
2.628074665002927901e+01
1.742999687625166416e+01
2.454511012199776943e+01
2.614289146110732176e+01
2.275912516454916812e+01
