-9.474205792017180716e-01
9.722868478882668031e-02
1.154291065032781116e+00
2.586706494409372947e+00
1.391346188191607380e+00
2.256104891532193235e-01
5.043100092366254415e-03
-1.680208048567105594e-01
-1.427311523750349309e+00
-2.907484858581733000e+00
-2.956491389243418588e+00
-1.250159121384501582e+00
-7.225853880188184419e+00
-6.832825545296254077e+00
-6.967952262510191952e-01
1.196279636320153772e+00
-4.038597981469913001e-01
4.736266050622661705e-02
-9.565279687236800665e-01
-8.605181762486225905e-01
-3.966309618446011154e-01
6.329040698822916422e-01
3.592394653335893917e+00
1.329101191415591687e+00
1.431050992569021352e+00
3.139816678230013647e+00
1.345259350031977608e+00
1.013246927334123360e+00
1.924793197055534311e-01
-2.924181659717680404e+00
-2.192655520838486805e+00
-2.747837080116380282e+00
-3.581329451346937809e+00
-2.912835881084688161e+00
-6.044864407044959753e-01
-1.507426203285488375e+00
-1.383502348220007061e+00
1.092862902428430871e+00
7.823896211399048450e-01
3.476854090724224022e-01
1.694236744613839551e-01
-1.717544384662943235e+00
-9.136916662684920754e-01
-2.676494740350370272e+00
-3.547602933055129526e+00
-2.954490646678128218e+00
-1.500718542170890180e+00
-6.318814178726706032e-01
-8.461772315869939831e-01
-6.320252514657187071e+00
-1.272155868982188842e+01
-1.115662360774477513e+01
-1.106446016567390522e+01
-5.169219799410495142e+00
7.841151656632149303e-01
2.030492710219591768e+00
6.704822189838339774e+00
7.084172609652123143e+00
5.176480244038293321e+00
1.445728668282355356e+00
-4.044557128455797956e-01
-6.132501381161045706e-02
8.178002623514744052e-01
1.923409331084012575e+00
5.102867890224280778e-01
1.012874655772294519e-01
1.196123682285848089e+00
1.556437971176010793e+00
2.474002540920402782e-01
-1.223469259990908053e+00
-1.614031225406677095e+00
-2.090205256465412553e+00
-1.702193420299679127e+00
-5.860474987202854980e-01
5.958541344039944843e-01
1.387683944802622138e+00
1.373301318062014165e+00
3.234888227556727447e+00
3.890995260037920733e+00
3.776206908394942996e+00
1.932799790784319738e+00
1.087748126308056618e+00
3.783072004228603458e+00
5.480584382546222599e+00
-2.834061646395476530e-01
-3.891430585933352670e+00
-6.799624934185252378e+00
-1.008978644117332912e+01
-4.662191139428564668e+00
-1.394422473838617949e+00
2.859718901445977846e+00
2.278705365866214638e+00
3.008698554958862292e+00
-2.318500945598461094e+00
-7.420050460304006279e+00
-1.465573394886867220e+00
3.270135182302831733e+00
2.898029012383497971e+00
2.219713227485236917e+00
4.213582894749586250e-01
3.076906876226873422e+00
4.995103848411283742e+00
-5.142337979455434693e-01
-1.302322149932212403e-01
2.638084345646217965e+00
3.040084636919754946e+00
2.027894043766676813e+00
1.448579632594812150e+00
4.261033581285091465e+00
6.042327415711261196e+00
8.401708166681608470e-01
-1.244582002796748244e+00
-3.692615446832775428e-02
4.122799650859320097e-01
6.564160641425687892e+00
1.964088056865473053e+00
-1.433538348989217504e+00
1.175660580806743516e+00
-1.949330421994776463e+00
8.878705081726174786e-01
1.725014933861291233e+00
2.187617706071873336e+00
5.323714906704181793e+00
5.101580462359549095e+00
2.758358677436338002e+00
-9.892892326494956423e-02
-1.525902663281912375e+00
-5.285919704520295248e+00
-4.207142271770705655e+00
-2.396804904665395863e+00
-4.214198729752673955e+00
-2.246345177844556673e+00
-7.306525969267256837e-01
9.072047817751247578e-01
-4.184439224339548402e-01
-3.048182035884813512e+00
-3.551624310537901508e+00
-1.898007631728391154e-01
5.454138489429778414e-01
1.204806388367196890e+00
7.036209509084124791e-01
5.813877073262778694e-01
-3.909504992515260291e-01
2.413807384092486394e-02
2.790018218122138349e-01
-1.085212479864750668e+00
-3.062921133681937302e+00
-9.218699129632135225e+01
2.422041852934528450e+00
-3.012000049323944140e+01
-2.687047235001115553e+01
1.804128344155722097e+00
-1.858429121868660516e+01
-3.869351773412278561e+01
4.358100404455869104e+00
4.661227206692663216e+00
8.644058086675574515e+00
-1.955110946889725909e+01
-9.448744678369698224e-01
-1.150502833194598118e+01
1.260555006299483871e+01
4.321222193326792471e+00
-2.945129316775633832e+00
8.828166047173630071e-01
-6.930781279038016329e+00
-1.833668009874545035e+01
-1.244793400893681401e+01
-4.233886976715324657e+00
2.084673308910835132e+00
4.679526694261249453e+00
-5.669434648580985447e-01
3.864680633261131870e+00
1.210598301691143241e+00
2.340192712853041979e+00
8.217472759801175419e-01
-1.039044364006341148e+01
-1.280273968119703731e+01
-6.591981562886576995e+00
-8.333378362618289181e-02
-4.325411560009029266e+00
2.254271168180222995e-01
3.705837275206595116e+00
3.848540387237235016e+00
1.479752215673518378e+01
5.246763343133349800e+00
-3.122554247300751706e-02
-1.588083175964294380e+00
2.889192021699550139e+00
1.103841623018362306e+00
-9.594305138064708416e+00
-8.425808672691097456e+00
-1.938535998752937972e-01
-2.769942545788140364e+00
-4.907657012297937271e+00
-1.590579786651584504e+00
2.721291423415477251e+00
1.330095275250313014e+00
-3.263137157964530743e+00
-5.155565725095102358e+00
-5.164410790957455255e+00
-4.326223974611875356e+00
-3.443651168486708603e+00
-6.381373821051531614e+00
-4.187721097028750172e+00
-3.829310497152749182e+00
-5.651647508990404134e+00
-4.112250198440767335e+00
-4.636820295008272197e+00
-3.000381121576233046e+00
6.068513144176260754e-01
1.063155947429937465e+00
-8.007405304095200904e-01
-2.367993934028568948e+00
-7.019112185649325486e-01
1.039237724448823785e+00
2.357656675008072966e+00
2.846308701263233765e-01
4.511489485209407846e-01
-1.603934541441918715e-01
2.167438502931166688e+00
1.595681489599509728e+00
-4.332304075801010512e+00
1.909466955606341498e+00
5.639385155524911930e-01
-2.121074581979648599e+00
3.898199177896113921e-01
1.476033778992069112e-01
-2.361126225800796785e+00
-2.774814399043542323e+00
-7.440871144866111342e-01
6.560310236407196349e+00
3.289064135984089976e+00
-7.556635608929879178e-02
2.017524837433238183e+00
4.286095374668390967e+00
2.585335302620588305e+00
-2.121453363991675278e+00
2.226466495240767354e-02
3.155600726628342984e-02
-4.297739082736146798e+00
-9.670999831009797987e+00
-4.524095376480016029e+00
7.317564474427888044e+00
8.903684893414254731e+00
5.500964478303273175e+00
2.614467682328335929e+00
2.165401379105127699e-01
1.611119352650269843e+00
6.310093351551059326e-01
-3.280895609771330435e+00
4.079100633677932741e+00
8.481080981874523417e+00
-1.818743495427230794e-01
-1.678795096527079256e+00
2.558217782058441969e+00
6.398096287561904738e+00
7.997163999868056372e+00
7.218813864978823602e-01
-2.486081020566532906e+00
-1.900347023770570409e+00
7.599862368935645929e-01
2.233185889068731278e+00
5.220372086597170336e-01
7.630294737841013530e-01
-2.768383989916044285e+00
2.743026280286345753e-03
3.105511646559804717e+00
5.285549314821616385e+00
3.335477074804610531e+00
9.852782921365509594e+00
3.940107399186776327e+00
-2.832863082315223990e-01
-2.213098156817661977e+00
-1.508585251487770895e+00
-9.510536236209842231e-01
-7.147426687156152036e-01
-1.054435691864762159e+00
-5.331635588174407081e-01
-4.253822107619052995e-01
-1.481919679464373418e+00
1.707558898697518091e+00
6.982130889536144025e+00
6.068525847288978703e+00
1.258660920064748057e-01
-4.105303153608813815e+00
4.715702003651571772e+00
-1.607614576490118408e+00
5.521250587209052263e+00
-5.382750010327546075e-01
-3.822962543234516009e+00
7.682275349707572865e+00
3.559048646532420701e+00
4.154266821068094195e+00
2.612008689438373832e+00
4.266123301950162983e+00
1.430826158455315023e+00
-2.906663044284461872e+00
-8.334544214514892246e+00
-1.262803525716533315e+00
-2.146754653959932035e+00
2.537901595647815700e+00
-1.695037929534395360e+00
1.201438200703276671e+00
-3.331644607866245389e-01
1.852298109610728050e+00
-2.430083929735663339e+00
3.103171629465971915e+00
-9.836425688540912926e-01
-4.604413767639212729e-01
8.508305782037930420e-01
9.239125794638519684e-01
9.439283103552359444e-01
2.037722847521993952e+00
3.527456837560570158e+00
6.888055436705700085e-01
-2.377682372532613719e+00
-2.098197923942309195e+00
2.316881247529424814e-01
7.774224391106852039e+00
1.671834402766078309e+00
-2.187573636418098655e-01
5.539673105583552193e+00
5.208702709296411548e+00
5.960295480498714937e+00
3.998945596670417935e+00
4.074951299530101601e+00
2.636911200068108377e-02
9.900427983660314846e-01
7.675392347603074761e+00
1.559917455121017926e-01
-1.219549938184035565e+00
2.306410519045134055e+00
4.871487774514538849e+00
1.203366011094958887e+00
-1.331531272434246072e+00
-1.527191177042875214e+00
4.937536480417020535e+00
-1.808880859842359745e-01
-3.689049112897748173e-01
-3.077606962009010738e-01
-1.058706274770726097e+00
1.582045933521347481e+00
1.355287963463266188e+00
2.869802049237931918e+00
2.920024364319687482e+00
-1.611878132492570392e+00
-2.267556077274474280e+00
-5.467391620784810558e-01
-1.818154894440841274e-01
3.473452733808495008e-02
-9.948538502106888393e-01
4.911252985318830810e-01
1.830251995282516919e-01
-4.391994069668820444e+00
-5.109784551799100960e+00
-3.956861666996252858e+00
-4.852104644773639563e+00
-3.422557575201611968e+00
-3.735172384339116025e-01
5.861416705495924306e-01
-7.902194668837406732e-01
7.549291290448322256e-01
-1.924604573225187076e+00
-1.426053175643280380e+00
-9.623627011687284627e-01
-8.551265402444103714e-01
-1.182534314561803773e-01
-2.838113758842091827e-01
6.908635348985676661e-01
2.132428875297466497e+00
4.158269170625145783e+00
5.088215186065301321e-01
-6.026653762216162002e-01
-5.356029648551147382e+00
-6.207965108633758611e+00
-1.956179525912758344e+00
-2.516856649217684705e+00
-1.659950932621983899e+00
-3.186374654025492248e-01
-2.786973348394897521e+00
-3.641765848468089484e+00
-6.621502279191632256e-01
1.605989591327957600e+00
-3.321544366790563640e-01
-4.228649573494041025e-01
1.855995664305563508e+00
1.615606299358282261e+00
3.362888995257747315e-01
1.182019127668876513e+00
4.087301488891929679e+00
3.116389226417404679e+00
-9.234093850854314667e-01
-2.116867870386024642e+00
-2.432853016948236302e+00
-2.326519867161251920e+00
-5.366936476496584341e-01
2.162019221481679576e+00
1.401961983430687342e+00
1.701433442672650509e+00
-1.905968730152670654e+00
-7.968599409727693539e-01
-4.939656192981886629e-01
2.425069147783223966e-01
-1.363262863107758571e+00
-5.852826101791214874e+00
-3.344018842925526425e+00
-2.278264600825161482e-02
1.040032557997594198e+00
2.989460760108336501e+00
5.835741906232343901e+00
3.130208144797408387e+00
-2.029448340112208093e+00
-6.969204179432721524e+00
-4.724202724857955893e+00
-6.508486333516725342e-01
1.598071286028988292e+00
5.480389126385027510e+00
3.159884419476365558e+00
-2.337189846374064517e-01
1.110075953623312905e+00
1.019097980286345129e+00
-1.691037889787516013e+00
1.182216164899135169e+00
6.799177480807172547e-01
1.614778393192040529e+00
1.420050302482428695e+00
3.962667296052048815e+00
4.378179214002139830e+00
3.796266145803620873e+00
1.427065595976299006e+00
7.375420333964509412e-02
-1.341111169189675767e+00
-5.357663703549762957e+00
-4.659452641382080706e+00
-2.542272373503081884e+00
6.939195850209468608e-01
2.952328293998096598e+00
-7.690021557993459433e-01
2.705997105332662023e-01
2.677988031242323763e-01
2.298968705723284600e+00
2.460712433123992238e+00
1.654860024944210917e+00
7.933826732579464247e-01
4.459248942683478045e-01
-1.333888902609614791e+00
-1.866391527815308260e+00
2.047216804422692660e-01
-1.248185368225555703e+00
-4.028957659764008881e+00
-4.419765589436916997e+00
-3.557202624146713177e+00
6.461126903230389740e-01
-5.463339239165838634e-01
-1.056706295992350553e+00
-1.618000317979247704e+00
2.557951404337224677e+00
9.763457149654072853e-02
-3.585857668695240807e+00
-1.139227521665539200e+00
9.958806758431157924e-01
-8.127923998120080429e-02
8.845824569326005138e-01
2.188020344657853666e+00
2.599766591669665061e+00
4.562533812567433955e+00
5.037689853483707125e+00
6.055774345040077833e+00
4.862725479302394405e+00
2.164264827039582340e+00
-6.402407016816391572e-01
-7.356448574545739749e-01
9.832257046710904946e-01
5.517128128721378033e+00
1.822361572215130066e+00
6.590381718974397174e+00
8.491780035133881910e+00
4.033410161810241590e+00
6.989500466610056861e+00
7.939653597506915794e+00
6.689218742225016001e+00
1.315974052735430355e+01
6.770117483888003385e+00
3.764267596690941353e+00
2.240006462458194125e+00
4.263740654997492996e+00
1.629621703999064808e+00
7.220452007562544461e-01
3.412563552809613765e-01
-1.298179250918124161e+01
-3.501488344728806434e-01
5.484790516898510937e+00
2.251788496613954393e+01
6.384096660410982338e+00
8.442607659726695246e+00
3.919444351296272888e+00
3.407822812408716207e+00
6.031766369596166300e+00
7.496707150735109515e+00
6.195805841260753510e+00
6.476549398366715060e+00
3.221063296113394703e+00
2.670153606051317130e+00
4.055483516034609437e+00
3.523889108752352506e+00
4.508994709945855384e+00
4.334174537534696725e+00
-9.239658849534996277e-01
-1.429688951570376609e+01
9.352090233452816648e-01
7.023540188521907091e+00
1.257858693761475299e+00
2.575024380047139072e+00
6.215721366490070565e+00
1.254500000155746697e+01
2.805292267150827357e+00
3.541360285885631481e-02
8.039345852003746407e-01
1.399099616708032912e+01
-2.587123037077641907e+00
2.211202119426272983e+00
3.196321370553834917e+00
-4.148494055827378624e+00
-1.069621734571827965e+01
-1.848711605933784341e+01
-2.277121010709665772e+00
1.295440550213601494e+00
1.482323708650088001e+00
-1.197348322002501320e+01
-2.918710616035177896e+00
