-8.539382741094422968e+00
-7.728324509382399121e+00
-8.039262803696450632e+00
-9.502836515596772671e+00
-1.246630420356044233e+01
-1.423015341540908452e+01
-1.484944526588521008e+01
-1.526428160907276244e+01
-1.545572643182126704e+01
-1.434938512859022808e+01
-1.173812984427502570e+01
-9.059285521420228804e+00
-8.114446091469243783e+00
-1.200959630235541198e+00
5.272867589232561158e+00
5.547784350068792669e+00
3.883740732771923998e+00
3.807811218448211132e+00
3.287486270618545703e+00
3.773087612081233111e+00
4.055111175866159989e+00
3.646491261229526160e+00
2.024757048427879180e+00
-2.727916802163886878e+00
-5.270050179814951719e+00
-7.855766457926103286e+00
-1.207275157738924776e+01
-1.433975552528059083e+01
-1.612082184693320386e+01
-1.696735583158986316e+01
-1.465133153685355438e+01
-1.346806953596231260e+01
-1.173226853743651432e+01
-9.168583347724847954e+00
-7.284446680997523238e+00
-7.723343777969878587e+00
-7.261373162754173549e+00
-6.903475059567382388e+00
-8.993201227428494704e+00
-1.074454225103703919e+01
-1.203311213593491757e+01
-1.312104595015781072e+01
-1.233601247417440128e+01
-1.226277070892063037e+01
-1.032261290214203875e+01
-7.489802746647779230e+00
-5.246914805722479258e+00
-4.428179617367605125e+00
-4.425156127193440980e+00
-4.127044769492253629e+00
1.722420622689847747e+00
1.401201603591380440e+01
2.474425710133440504e+01
3.538751268053235322e+01
4.020471927998573847e+01
3.904001662841194076e+01
3.651174897787903006e+01
2.917340377632374526e+01
2.127065759881290319e+01
1.519469261259697923e+01
1.287497518856830858e+01
1.248964838603900240e+01
1.184496659190874901e+01
1.043099332172051774e+01
7.921316565057848536e+00
6.711169616796766491e+00
5.910719538787515326e+00
4.092993869578379851e+00
1.945040013311652549e+00
1.130079267567998702e+00
1.787215917247330310e+00
2.883372585705179070e+00
4.567580755773015255e+00
5.870434720813824114e+00
6.099580473031190664e+00
5.249919380102636701e+00
3.708338064835425829e+00
2.239949586074449162e+00
-1.055351451340127422e+00
-4.921639341021343483e+00
-8.467095880220124826e+00
-9.943116476700119222e+00
-1.040888471528804260e+01
-1.338618459827641871e+01
-1.796797186350747566e+01
-1.668943449029004356e+01
-1.180397944000139177e+01
-4.145969383774618322e+00
6.703726978959466010e+00
1.200706452884823783e+01
1.403333577714523095e+01
1.184095682760273682e+01
1.026707379230473549e+01
8.038296145319964836e+00
1.118968751774711556e+01
1.948009626968671171e+01
2.181269101639512797e+01
1.936421008015438616e+01
1.717379601923803989e+01
1.558745536778890539e+01
1.577991406027213550e+01
1.327348804093103496e+01
8.846262717382543883e+00
9.944567387247076340e+00
1.068375801216754262e+01
8.637727108834599932e+00
6.115764814549995876e+00
4.523911019608481965e+00
3.454293485993333412e+00
-4.835376864970175603e-01
-6.245519368747315170e+00
-6.825830765952464851e+00
-5.329828684009053852e+00
-5.111049492118724835e+00
-5.432417191594427486e+00
-1.189629210096901879e+01
-1.371332412401557832e+01
-1.207045134453239221e+01
-1.440506424243096717e+01
-1.349661558765530955e+01
-1.590412749670372605e+01
-1.964428701896510177e+01
-2.385495893046556759e+01
-3.156161120549242582e+01
-3.965237931598339571e+01
-4.520362312713849207e+01
-4.779546599423264297e+01
-4.887076973957028514e+01
-4.656020875169089379e+01
-4.538116832481644991e+01
-4.621123837540434209e+01
-4.506510388112548071e+01
-4.589805429967281469e+01
-4.828721222445182093e+01
-5.229734338093750523e+01
-5.514130692695882630e+01
-5.571181177179040134e+01
-5.602013814284726578e+01
-5.978499583809102802e+01
-6.432134081665684278e+01
-6.953979168000437028e+01
-7.428050901058523436e+01
-7.881383872031632620e+01
-8.235403814920027799e+01
-8.627719427204723956e+01
-9.055092103228957967e+01
-9.366634235247046547e+01
-9.499354170770426720e+01
-7.326131602693548572e+00
-1.423665470296588964e+01
1.130797650846604085e+01
3.357808644638564743e+01
2.719889934962393951e+01
4.118354557371342395e+01
7.543901734147873128e+01
6.668434438176031165e+01
5.762767300948492277e+01
4.458713441534860777e+01
5.987801523888879274e+01
5.665117745961516960e+01
6.386453520722724875e+01
4.689712106084952836e+01
3.824824297710601684e+01
3.683172823765053749e+01
3.149035321346754301e+01
3.394304047530296486e+01
4.789778444783416944e+01
5.604514432365320431e+01
5.592723489400422920e+01
4.939574885249506764e+01
4.016325580598009992e+01
3.609340216982580785e+01
2.752484045428878545e+01
2.151052068162501385e+01
1.429640884495161579e+01
8.532270573168345251e+00
1.390421596694315731e+01
2.167096858410560500e+01
2.468613259964616091e+01
2.110227511968443537e+01
2.227260961289988117e+01
1.935766590091236949e+01
1.291889754929344747e+01
6.607697707054867919e+00
-1.001929046275569490e+01
-1.715083419696457767e+01
-1.904278188776179803e+01
-1.951719573201024360e+01
-2.413551380029888804e+01
-2.695540678634482035e+01
-1.884927856405963809e+01
-1.209514461670476848e+01
-1.371719117998442528e+01
-1.268223885947822360e+01
-9.514886707281629441e+00
-9.584450002447185923e+00
-1.365377617407072997e+01
-1.612198057441536747e+01
-1.396573986236310816e+01
-9.998062044979526775e+00
-6.111932725212793294e+00
-2.945202660103787284e+00
-6.706390094079415221e-01
4.520211216223137818e+00
7.512030919907642712e+00
1.020317915869432923e+01
1.493292739169683081e+01
1.830129975276972942e+01
2.230447964754065282e+01
2.467313519872784866e+01
2.343501952187567738e+01
2.157565876288079920e+01
2.144302893753057759e+01
2.293546958391925372e+01
2.266359689378897713e+01
2.065481194623102112e+01
1.737170293519388409e+01
1.619169678426976944e+01
1.482387134380024207e+01
1.405970776786475440e+01
1.107293572699219553e+01
8.866335854557286567e+00
1.273230379055208772e+01
1.039963516507704178e+01
9.466309344918677482e+00
1.128714324843757488e+01
1.065836273325641592e+01
1.038291657004245927e+01
1.268261698626961476e+01
1.544049698748170130e+01
1.622205076692331005e+01
9.783977365662876124e+00
6.711764015784835280e+00
7.119238008475273993e+00
5.516133317156813654e+00
1.662140197057165647e+00
-3.968530087401931361e-01
2.371238482824784555e+00
3.160984772276060450e+00
4.047037356019867360e+00
9.416483889881870795e+00
2.020714036288008586e+01
2.585951661838485194e+01
1.967281461926858199e+01
1.188654763395049940e+01
7.469829541275668561e+00
5.888401588846945423e+00
6.682583404802905136e+00
6.065780797563540716e+00
6.424671728542198146e+00
1.063464496807417703e+01
7.486486587641817181e+00
1.249217751019540135e-01
1.495629942173951843e+00
4.355957649171237733e+00
2.946202001389074177e+00
-2.231334117132129258e+00
-9.037191580532708102e+00
-8.436393483679470506e+00
-4.590357323128393396e+00
-1.381369749852399353e+00
-8.140160186855682767e-01
-1.715362197851370674e+00
-8.350624769889377630e-01
-1.858469570506553481e-01
3.994449158708989867e+00
5.384376439202853248e+00
3.658448271412418684e+00
-3.867977126309272151e-01
-2.503544115540385917e+00
-1.110174662453108496e+01
-1.358379192089874543e+01
-1.179529255239904373e+01
-8.178916773208582569e+00
-5.421001388584747005e+00
-3.281428737972560850e+00
-1.462242902466834860e+00
7.447464810472667063e-01
2.387217699489018852e+00
3.903716724676622896e+00
6.545615321699632894e+00
5.945448872990347411e+00
-5.490877774940639000e-02
-5.104668099624263711e+00
-4.124996800648544237e+00
1.054686873302713934e+00
-2.732897587674654183e+00
-3.654215005738743471e-01
-5.134980464867989980e+00
-3.674008750725781258e+00
1.131186862727168396e+00
-5.585167810104206154e+00
-8.123187659485207490e+00
-1.117831459172455233e+01
-1.260456229222230817e+01
-1.557213577878872357e+01
-1.563654198397283857e+01
-1.141477802865978219e+01
-1.836724678390607934e+00
7.419199042935806787e-01
4.042902428956869798e+00
2.573234415056289137e+00
5.379667540125891101e+00
5.407700967146647386e+00
7.015536243367022529e+00
6.431567655043077814e+00
1.011644029759343866e+01
8.367923583813567490e+00
1.071209232623434460e+01
1.253400116488942651e+01
1.306420736496456669e+01
1.347522714422183654e+01
1.377622977665410886e+01
1.290488390718919476e+01
1.058953631363955772e+01
1.122992880594542342e+01
1.483134954551871942e+01
1.814228681148868105e+01
1.902220486627524210e+01
1.236552764656769732e+01
1.187553536637718210e+01
1.313151603259587574e+01
8.577934173789181216e+00
4.289135350910626698e+00
-8.679896224886851641e-01
-4.220029842955494992e+00
-7.737870563372863941e+00
-7.239553122935605600e+00
-7.623042924875183424e+00
-1.467706083793040683e+01
-1.416612987681950209e+01
-1.233512591638793410e+01
-1.398924962887594958e+01
-1.826055130973223228e+01
-1.888194603908313240e+01
-1.701535449841781755e+01
-1.492685376331901992e+01
-1.935677110336217766e+01
-1.865660002378791660e+01
-1.774922370371369595e+01
-1.688163162711022380e+01
-1.520918802875085341e+01
-1.618474841854601110e+01
-1.697755730867879720e+01
-1.943293839268810075e+01
-2.205348796931762223e+01
-2.013511000169121345e+01
-1.756803173470409263e+01
-1.675329770053593137e+01
-1.643836836994401907e+01
-1.641430251865355672e+01
-1.541769843122808936e+01
-1.601043721477027049e+01
-1.635512111794160006e+01
-1.222965991720219137e+01
-7.460105076899544052e+00
-3.880455715320032084e+00
6.209239104927597452e-01
3.681860568419502933e+00
3.585534002579647606e+00
2.595070356812613444e+00
3.053233501222315738e+00
1.912417717967920927e+00
3.334663042901875318e+00
4.197753319786500903e+00
4.580569978951078092e+00
4.872658769347951946e+00
4.381615829974339960e+00
4.082511669519020892e+00
2.843238237513577182e+00
1.357626645434200086e-01
-4.593189098191126085e+00
-5.707293401454060167e+00
-5.728457160700220818e+00
-1.066807729489327450e+00
4.300562987368992118e+00
5.387279109665827903e+00
7.072085245788668928e+00
7.926431860650392736e+00
7.492319612451834310e+00
9.623226703560554540e+00
1.267767732799263314e+01
1.271050277123169181e+01
1.035598457224096158e+01
9.934073590337433757e+00
9.677188727745058117e+00
7.234025459381419054e+00
5.203459785484417566e+00
4.561918877997936050e+00
3.076977713264900771e+00
-1.304513574639961426e+00
-4.684937309284162410e+00
-4.066328549406031279e+00
-2.202480958591856108e+00
1.245129417988311005e-02
2.164002748737315240e+00
2.563647597828642599e+00
3.325949232470357675e-01
-1.060700670118792877e+00
-2.701711012544825152e+00
-7.470752368008851674e-01
3.037650030842647952e-02
4.741017042798366665e-01
1.021044020526227225e-01
1.347486494497638354e+00
7.143526704544962413e+00
1.047492797424213684e+01
1.057624612940901798e+01
9.629598226850426101e+00
6.743342741779984273e+00
1.061718979777496408e+00
-1.815358778220155678e+00
5.192676597091585577e-01
7.794464444185980945e+00
1.284341872592025702e+01
1.383349874700863857e+01
1.252149410593434453e+01
7.269138327384506049e+00
4.335094468758611264e+00
4.754150605981540600e+00
3.694140819132824660e+00
2.599506425356814532e+00
4.171111347670322544e+00
2.915511891309014558e+00
2.193652836649989002e+00
5.580966963991103036e-01
-9.007531309809713171e-01
-4.895621082216356612e+00
-9.327739741600801437e+00
-1.326606685130954943e+01
-1.482241439104943659e+01
-1.499557152787247283e+01
-1.374698518584422580e+01
-8.471145050420012979e+00
-3.834327923700684426e+00
-1.173814519969343717e+00
-1.617717197170474464e+00
-4.235687375023933221e+00
-3.048731406629210827e+00
-2.870156225913863768e+00
-2.749971422442724744e+00
-4.723797335678577625e+00
-6.837803584937548251e+00
-8.013416927948332713e+00
-8.156864071713226139e+00
-7.911633266395667441e+00
-5.803383490317811422e+00
-3.112441240555063882e+00
-2.478053436677633226e+00
-2.703715932782326803e-01
4.831908835724238571e+00
1.041949920709866539e+01
1.539203958680190176e+01
1.625439634068522565e+01
1.836060553961831232e+01
2.098760757844825164e+01
2.422329847847371553e+01
2.324415356298177926e+01
2.466438991344315923e+01
2.971053500758758759e+01
3.206990231961633953e+01
3.228709638350625255e+01
3.369521539132190213e+01
3.460206518005194454e+01
3.438953623608659882e+01
3.394834237899664231e+01
3.159814004711348190e+01
2.878037324962090793e+01
2.505786810266185327e+01
2.264884694544387145e+01
2.303708655779099601e+01
2.629945804373674889e+01
2.966990619983854316e+01
3.133840535349979106e+01
2.852737043049040722e+01
2.946240146756194633e+01
2.572679375141681746e+01
2.019313048686807477e+01
1.909902563621966820e+01
1.483135207831346847e+01
9.696261500895552388e+00
6.002327541725550830e+00
-4.081877180608626254e+00
-7.744310331314452789e+00
-8.288192673316377324e+00
-7.081118776126400505e+00
-7.824057528390212291e+00
-5.974919626346903989e+00
-3.206433554165727173e+00
2.357889274203213148e-01
1.697692868154505774e+01
2.110668011835447189e+01
1.945611888063474382e+01
6.885785851279635494e-01
-2.159910699489836716e+00
-7.418359027606816980e+00
-8.267638294347955608e+00
-8.667666843922749109e+00
-1.176786312795813316e+01
-1.661360367145459449e+01
-2.024315916286127504e+01
-2.472788420397720088e+01
-2.587575601228882860e+01
-2.641722414332908286e+01
-2.836651784825795275e+01
-2.974076227226825964e+01
-3.214253993357375805e+01
-3.445020206280494790e+01
-3.149934656464800042e+01
-1.523313059731338193e+01
-1.427903318291271972e+01
-1.947266705341793269e+01
-1.909853459356522620e+01
-2.011616644077819416e+01
-2.478861445989108603e+01
-3.577152910890924176e+01
-3.704063534056435714e+01
-3.550631057381145439e+01
-3.468294889562697847e+01
-4.697559181953008789e+01
-4.228065306438679016e+01
-4.226696817675760087e+01
-4.326563981664511260e+01
-3.740929563838941618e+01
-2.508768362623044368e+01
-5.123510566933214605e+00
-1.397724625422317235e+00
-1.259969728192442240e+00
-1.408015972983722719e+00
1.174399786499630238e+01
