1.069741113819066314e+01
9.432660642179133248e+00
1.002084279692163094e+01
1.105737033503545241e+01
1.331324749237536231e+01
1.447888856386249756e+01
1.454322753792732748e+01
1.498120871532852405e+01
1.575407282734688330e+01
1.521836121031941147e+01
1.393297949495945254e+01
1.400318519661437477e+01
1.197440156920591825e+01
8.860692134125867980e+00
5.684211402106298827e+00
1.670382898044990849e+00
-1.006098369744527377e+00
-2.718212616564749662e-01
-5.380997333135295602e-01
-7.315216929780438138e-01
-1.230426188529809561e+00
-2.141113702082706460e+00
-4.847621221591456031e-01
2.056988807424195986e-01
-1.834241155325712525e+00
-4.105531594316799371e+00
-5.816984425256682911e+00
-4.941123708205569898e+00
-3.369210689030551542e+00
-4.006989043891174163e+00
-6.915439269875166772e+00
-1.000693075332877058e+01
-1.321442903364176580e+01
-1.603496315728004973e+01
-1.543021353580131638e+01
-1.358360435242909325e+01
-1.464352852831470031e+01
-1.661050676080711241e+01
-1.653862678787100293e+01
-1.690825792548509909e+01
-1.610754901082960444e+01
-1.471893307148975794e+01
-1.350303526655244291e+01
-1.230697589085916555e+01
-1.349408813614963343e+01
-1.426946436928439255e+01
-1.376062947799792724e+01
-1.150029350735870182e+01
-9.522311349140093029e+00
-7.804442627614368355e+00
-4.206384276757423990e+00
3.860127320987228217e+00
1.354972786520812456e+01
2.177440373652675731e+01
3.087254171435938233e+01
3.042504712386837795e+01
2.534000647885778079e+01
1.985469499969642371e+01
1.586952903201048848e+01
1.362562442488272296e+01
1.226608869102925681e+01
1.215071953813113481e+01
1.288334659876165489e+01
1.349169363532537957e+01
1.244678309886298351e+01
9.250862920882358509e+00
7.417321372468288487e+00
7.732671990201817280e+00
8.384858944623575283e+00
6.951984286245382449e+00
2.532886318574886442e+00
-1.114600334557833472e+00
-1.461420190036620381e+00
3.024263769804711455e-01
1.843565099130028528e+00
1.256363990823915255e+00
2.094714332095357623e-01
4.507836506792134434e-01
1.641807261005137741e+00
2.235210364487246526e+00
3.057368418452447667e+00
3.818608653622401761e+00
4.352561275198215007e+00
3.149323885771559084e+00
-1.585238972642093458e-01
-6.077397537778516323e+00
-8.741887553706579439e+00
-5.891516248654261823e+00
-2.430315649989459370e+00
-8.706889132504102013e-01
1.129573577691360686e-01
2.683125876849731473e+00
6.027198670976356532e+00
6.334563360441444857e+00
3.464593461912522265e+00
3.768364774180177790e+00
8.802050672272009990e+00
1.430195507088139095e+01
1.974789198171112048e+01
2.299843654969376061e+01
2.264400968522780744e+01
2.404200708676234655e+01
2.268326622516607927e+01
1.525616081080771025e+01
1.013591281491383533e+01
7.345269562490186033e+00
1.231676975046286238e+01
1.374508632039655254e+01
1.201519142009994567e+01
8.875690462199823827e+00
2.143469900565903252e+00
-2.760930929724150218e+00
-5.185042107787811716e-01
8.530907789045906853e+00
1.543209456411731217e+01
1.630544314016413665e+01
2.000717726863188872e+01
1.244495068215611155e+01
-5.923762772212437966e+00
-2.380372489012303205e+01
-3.436331215120405602e+01
-3.482815438396458774e+01
-2.358441199894217277e+01
-1.435270713722919922e+01
-1.794128137906794862e+01
-2.967152470120537444e+01
-4.038334993082071378e+01
-4.953334444924714575e+01
-5.819775334692664615e+01
-7.005222380990829834e+01
-8.556515536418216072e+01
-9.675335807896414053e+01
-1.045427543489476960e+02
-1.113000000777788330e+02
-1.181468695838691048e+02
-1.278094531597405279e+02
-1.374094693928308857e+02
-1.419585114447279182e+02
-1.459298632374095916e+02
-1.537638377268367833e+02
-1.632451967694912014e+02
-1.707830025659901025e+02
-1.781954162929168888e+02
-1.871731810542433152e+02
-1.983945892475566097e+02
-2.102307714886725876e+02
-2.192779503820553089e+02
-2.055709079102840633e+02
-5.139313390275759730e+01
-5.788648647863610819e+01
-7.843874732195601496e+00
4.083301846167096727e+01
3.498879821371793497e+01
6.625129685555263848e+01
1.387893443379778660e+02
1.316776999867799418e+02
1.245783228219068519e+02
1.197741774263118657e+02
1.502807357563688129e+02
1.459690159535845169e+02
1.833265417642878674e+02
1.810908638019229500e+02
1.754531631948344454e+02
1.683466603299866904e+02
1.553152729330249997e+02
1.310884422041922903e+02
1.085692321921098795e+02
9.457815556161689585e+01
7.696105583974883757e+01
6.165927357208756376e+01
4.501512898967569498e+01
3.470366610986270217e+01
3.404041192367078850e+01
3.820760746993162371e+01
3.832780223815747433e+01
2.226642713348013913e+01
4.237071947342653466e+00
-1.504096971744397493e+00
3.398689666648870400e+00
4.478315282919335338e+00
5.057376786555813908e+00
6.528302795124190538e+00
3.876535177330677762e+00
7.142777832562638984e+00
1.261480361596070665e+01
1.510096578411936363e+01
2.176134303988670382e+01
3.145078246540639810e+01
3.641759851188652419e+01
3.279446956651445078e+01
4.336678029411682900e+01
6.125274261857438063e+01
6.184489553571918208e+01
6.022263109116506996e+01
6.436348460746796718e+01
5.996992923418916632e+01
4.495645458979560516e+01
3.328151878898204785e+01
2.285224127416038797e+01
1.368957158888266612e+01
7.711204377015507205e+00
4.616162891853155870e+00
-4.254754169443890177e+00
-1.538113381070908225e+01
-1.890440063918891411e+01
-2.021522200597134855e+01
-2.445723971310907530e+01
-2.942970636194034384e+01
-3.033161849167976243e+01
-2.550042558550120120e+01
-1.841741840083205517e+01
-1.508920457467178267e+01
-1.569855886698465852e+01
-1.718023848791229824e+01
-1.495577124292418958e+01
-1.005431835611497782e+01
-5.104116530123008921e+00
-2.290740838496589493e+00
1.628571179104404631e+00
6.565744129726398981e+00
1.088577714763546389e+01
6.674326500616128754e+00
3.084397291614377590e+00
4.310832621767579198e+00
2.831590044239987503e+00
2.239680148053682984e+00
2.198658304802592944e+00
-7.714930801688844042e-01
-6.453832215137939698e+00
-8.547747835937423488e+00
-6.825238027190317247e+00
-9.068816315943223572e+00
-1.308379664921305263e+01
-1.224666356125526789e+01
-8.652147195296489457e+00
-4.204643916974134754e+00
-1.310748257405484729e+00
-2.348517934073253599e+00
-3.283268307697846389e-01
2.555454346433938539e+00
-5.291532754519510107e+00
-1.378477673058273290e+01
-1.470052952421961834e+01
-1.135835760013396722e+01
-1.163442711286006670e+01
-1.463883103838174193e+01
-1.900545894153557569e+01
-1.783410723115444796e+01
-1.201651502607649746e+01
-8.510494630569995778e+00
-5.917136432620621278e+00
4.232685400662631103e+00
1.016301633352802547e+01
8.166833160312915396e+00
8.274462501955859750e+00
1.158851564165431469e+01
1.389368625986134731e+01
7.512470209008446531e+00
-9.723505673076617839e-01
-5.493066740029539652e+00
-5.777938768866479613e+00
-6.247172573131908102e+00
-7.766349643843399875e+00
-7.984487983159683999e+00
-1.036602857086218421e+01
-1.403696193478709731e+01
-8.454683215396933349e+00
1.443253740815102937e+00
4.398959275459917606e+00
4.882188993655740106e+00
4.934333554374109809e+00
8.058689780638960798e+00
1.136912321916864954e+01
1.248374890584102204e+01
1.270672979999976526e+01
1.413396908755805548e+01
1.321443752616671397e+01
1.049280495972321781e+01
7.454381862515305990e+00
3.653216907378253442e+00
3.434436638718439294e+00
7.702979065414695015e+00
1.187834594515530284e+01
1.440519255362413986e+01
1.485168288019707106e+01
1.844663897301636268e+01
2.070292657707411266e+01
2.046011811127194235e+01
1.616936387162628819e+01
7.422834876464284193e+00
7.347763862933617496e+00
1.018097225387099058e+01
8.807865716206382700e+00
8.150040432770584431e+00
9.450631559061084985e+00
1.550801624103155163e+01
1.901273583371665410e+01
1.692176035968207515e+01
1.418658145114213198e+01
1.624672256112167190e+01
1.969905706426014191e+01
1.889204411462848299e+01
1.291816114089651535e+01
8.842269580828926223e+00
8.537211580232696662e+00
8.436797922598451294e+00
8.641295719632100969e+00
9.236382109034153132e+00
8.391817435917943158e+00
5.179580886309008037e+00
6.752861139975149918e+00
9.622544890670170048e+00
1.366232221644962408e+01
1.616033620984969943e+01
1.876357216361662594e+01
2.013776931798025061e+01
1.712695722097823747e+01
1.672381989595561791e+01
1.722172575369453895e+01
1.677389327103665906e+01
1.058101650377201963e+01
8.716322175612615908e+00
8.573577770125099917e+00
6.064276429776946031e+00
3.949793937066585769e+00
3.187304531229311344e+00
6.235113584252873764e-01
-1.125498043547084936e+00
-4.046535887835731593e-01
-6.697763873916526833e-01
-3.905254819842666869e+00
-5.312654300242513727e+00
-3.062053533090002055e+00
-1.538398064993948822e-01
-1.685780768635864568e+00
-4.222515713161250517e+00
-4.252114440817660324e+00
-1.765568375800050216e+00
-1.325349063700143049e-01
-9.731991442012919435e-01
-1.888225842178621328e+00
-1.521464455585172626e+00
-9.461081669932400739e-01
1.745968036475307406e+00
6.684872669623180386e+00
1.102000417550339328e+01
1.012168687319558558e+01
1.001482597919508599e+01
1.292943936762052104e+01
1.872134434365890598e+01
2.091820564850107544e+01
1.937019772230721770e+01
2.062559883734720501e+01
2.284740382762817035e+01
2.289737406364027450e+01
2.449144614147684251e+01
2.899503463026009342e+01
3.452211295946850811e+01
4.302540841016039508e+01
4.812980621094772715e+01
4.951752243733032088e+01
5.283808172793269620e+01
5.661125042820125941e+01
6.242602732237457985e+01
6.916723261501415720e+01
7.335014199732503926e+01
7.765581186433115590e+01
8.185339820941585742e+01
8.722355674923790048e+01
9.358203243607022159e+01
9.890188385472792731e+01
1.018408951687162300e+02
1.029785695474204914e+02
9.815079241379136477e+01
9.557512620886527088e+01
9.728783541904951448e+01
9.813699463312117643e+01
9.566029284729819437e+01
8.904105998638780761e+01
7.856054688343202486e+01
6.735871943976609089e+01
6.084648578478930858e+01
5.826291137654389729e+01
5.351417452563045174e+01
4.480425525996888325e+01
3.710613641632063775e+01
3.063332324382205130e+01
2.435813093926779871e+01
2.067803373059319938e+01
1.982700140620553952e+01
2.192616408363505798e+01
2.511911380356784917e+01
2.707912582149720748e+01
2.646807442018733170e+01
2.705954448041924820e+01
3.160402863287517761e+01
3.670576041237884368e+01
3.957928099666897026e+01
4.142030183643930030e+01
4.108145102580905217e+01
4.140751474438917512e+01
4.082523915081419830e+01
4.002564100296866911e+01
3.539986762592334912e+01
2.801997043029716039e+01
2.552170289089539068e+01
2.128473578891324536e+01
2.269620597562991193e+01
2.364573329222848486e+01
2.222079333109152088e+01
1.919560077176071289e+01
1.596447967571602078e+01
1.026859775351999104e+01
7.678538291170024621e+00
1.004982302278033757e+01
1.314456608111126101e+01
1.316533846848236422e+01
7.654205382252779799e+00
-4.290742090412997811e-01
-5.594707681183120229e+00
-7.737793966855036842e+00
-8.409780783782309754e+00
-1.054934950928316795e-01
9.622967970271261606e+00
1.339298785827085680e+01
1.578363110313103945e+01
1.535121070830291146e+01
1.306011678913586138e+01
1.031876356377530612e+01
7.590390684128312415e+00
7.289468835819924664e+00
3.515756217307188791e+00
-2.755627701361625270e+00
-8.127772349748322966e+00
-8.286859123115981163e+00
-7.640433183079057500e+00
-6.550672514437771099e+00
-6.498461268156965787e+00
-1.058617950813882302e+01
-1.271518320183009720e+01
-7.962116288096185102e+00
-3.659858309144699007e+00
-7.764770355424701620e-01
3.603948836934950606e+00
7.046682152073753258e+00
9.140133986064540750e+00
9.719204502081744579e+00
1.299142732621016094e+01
1.474487840255694593e+01
1.670775676350932315e+01
1.641046784122462654e+01
1.581712516954095804e+01
1.618132621823529504e+01
1.351299696479636836e+01
6.802045350572797133e+00
3.818168762743976430e+00
6.761489020258700577e+00
9.339450654596827661e+00
9.887005346362609970e+00
1.475210997591128681e+01
2.153150544815451894e+01
2.609531333366384231e+01
2.854972951306153206e+01
3.196178623921713324e+01
3.484251021350529243e+01
3.853929861539694457e+01
4.109882290036193808e+01
4.416577696269638409e+01
4.742421154459178467e+01
4.675328197100915872e+01
4.584532486874321933e+01
4.851494685270170493e+01
5.423523540383015984e+01
6.219025293286388489e+01
7.013514165737691997e+01
7.426311387776809170e+01
8.001948877892661471e+01
8.325318528729521006e+01
8.845375594352685766e+01
9.285781432837016780e+01
9.460124884911095933e+01
9.022348765600067111e+01
7.910694675156054245e+01
7.737278035919490549e+01
7.097413392356287432e+01
6.490020418296870730e+01
5.965741585392576241e+01
5.129586463264177354e+01
3.970147915351320478e+01
2.662917217055306196e+01
2.879184001074952093e+01
3.089196948052538261e+01
1.848327036922006528e+01
-6.540772704155045858e+00
-1.819245794622544565e+01
-2.701813555205905715e+01
-3.412535360129724182e+01
-4.273538588252319670e+01
-5.136982913169491383e+01
-5.287360215489876225e+01
-5.287167012662252574e+01
-6.468032405295745946e+01
-7.434204023457766652e+01
-8.246058537196121563e+01
-9.458511765128326942e+01
-1.016808133982178504e+02
-1.128783971821834626e+02
-1.225862685066765607e+02
-1.313148826203629653e+02
-1.135718615512790564e+02
-1.233161047863834199e+02
-1.336744919935526923e+02
-1.439644780865723135e+02
-1.564929474324497107e+02
-1.668128296840849885e+02
-1.776631588446633145e+02
-1.830436278322016506e+02
-1.929789744855931133e+02
-2.020314876965239534e+02
-2.209985726684171823e+02
-2.310128236249579174e+02
-2.391193851351990247e+02
-2.453325146389041720e+02
-2.571082585700709728e+02
-2.657736433829660996e+02
-2.454383069255869998e+02
-2.600185005972052181e+02
-2.660389339222697913e+02
-2.794959042626252312e+02
-2.946743459972838650e+02
