1.069741113819066314e+01
1.113177932257505987e+01
1.163972215389084930e+01
1.220269506426441275e+01
1.271644102386215458e+01
1.315156366690026424e+01
1.359598144024475808e+01
1.407320538269503274e+01
1.452672604688025437e+01
1.496974805550198973e+01
1.537482356967577246e+01
1.573165333436394420e+01
1.604692817260630022e+01
1.632200267108226654e+01
1.661190947696665532e+01
1.690517941520492684e+01
1.717301701615646436e+01
1.737992381052711366e+01
1.753510303307026774e+01
1.764683244882610325e+01
1.767983665575710717e+01
1.755087516825927807e+01
1.723883248221495990e+01
1.678274347358405549e+01
1.617532141576155880e+01
1.559996009952884677e+01
1.513843733444801209e+01
1.479158041896537945e+01
1.452745654639088713e+01
1.431217720247524916e+01
1.412794698376961300e+01
1.415589410077813781e+01
1.417152089103857016e+01
1.418286503893836858e+01
1.423984415478636301e+01
1.436212917776686560e+01
1.450707497898731191e+01
1.464276055009776378e+01
1.476836383386241813e+01
1.489632645764282159e+01
1.506521961162370715e+01
1.528591085040109654e+01
1.547016127399040819e+01
1.556815571621376293e+01
1.558381399384573918e+01
1.553959232840453275e+01
1.546507958097773638e+01
1.539734284421837529e+01
1.530621514345835621e+01
1.520540177749180799e+01
1.509065851861894991e+01
1.496292811435504611e+01
1.487438335916279541e+01
1.484051876130374126e+01
1.485449406552883644e+01
1.495549614683069883e+01
1.509469173385981122e+01
1.522228815163438753e+01
1.534192484165534509e+01
1.545159968025092390e+01
1.552445277116634514e+01
1.552666523903858220e+01
1.543983337135693290e+01
1.531766723854230605e+01
1.526872358122930073e+01
1.526063940275041908e+01
1.516682334801245524e+01
1.496580292419543667e+01
1.469370919003617182e+01
1.438112855825222347e+01
1.410831963214431362e+01
1.385534212983509050e+01
1.366613182872245424e+01
1.364340344733818355e+01
1.371075983190891456e+01
1.383786058151167531e+01
1.391782197350275396e+01
1.403832451730108311e+01
1.424734798178793405e+01
1.456476254829853367e+01
1.508303573036789302e+01
1.584677326813004861e+01
1.676347056803728108e+01
1.769449260706998572e+01
1.868955692732868457e+01
1.968821903417885366e+01
2.056526942774492284e+01
2.149697294499135580e+01
2.264455298668931249e+01
2.402896764885080216e+01
2.552752906633919849e+01
2.697869880329097469e+01
2.820323653475752579e+01
2.922242358778242988e+01
3.019803171371978934e+01
3.122904759564320543e+01
3.232369089529611017e+01
3.349399695276511579e+01
3.472925855388868399e+01
3.604818302578483724e+01
3.744824274120637853e+01
3.886820087009978408e+01
4.030384469895063404e+01
4.176758953482435288e+01
4.325519801915310580e+01
4.478037123634468486e+01
4.634016232890322584e+01
4.787287529987335688e+01
4.938512578190938740e+01
5.093040885794186323e+01
5.253690362010388526e+01
5.416612212937312876e+01
5.580798927760987027e+01
5.745834515578494006e+01
5.911790613080900414e+01
6.075561857413643452e+01
6.238488613759808032e+01
6.371475486888022743e+01
6.240343553930965470e+01
6.108713009493445156e+01
5.880873697823675172e+01
5.561797553404961292e+01
5.244433866164614244e+01
4.862448964748191571e+01
4.341714665953977459e+01
3.819920469606773139e+01
3.304475002389764882e+01
2.791814993288665292e+01
2.222679296590002451e+01
1.651238877586715503e+01
1.001386087468011965e+01
3.414072119033478181e+00
-3.276572599137714814e+00
-1.013433285499779757e+01
-1.702316579136510555e+01
-2.371756353755751690e+01
-3.011365329902544730e+01
-3.640819231989806326e+01
-4.258929359446504037e+01
-4.871730098107683915e+01
-5.482984372785397653e+01
-6.100172739532751365e+01
-6.727247810587365962e+01
-7.360665964244090276e+01
-7.997284992152019356e+01
-8.620240831706935580e+01
-9.221473959290536015e+01
-9.839029483970963952e+01
-1.049974250403130611e+02
-1.119651565790472887e+02
-1.191328900254875975e+02
-1.263170952631157462e+02
-1.332533762667092958e+02
-1.400517837669591756e+02
-1.469177966867428324e+02
-1.539381350000797113e+02
-1.611673172852748337e+02
-1.686297861524633106e+02
-1.762193156906522233e+02
-1.838454889722967209e+02
-1.917808992509550023e+02
-2.000702677535388148e+02
-2.083649414216522189e+02
-2.166075262976024760e+02
-2.248954180447740043e+02
-2.331403208934977158e+02
-2.411727609175255793e+02
-2.489663967112628882e+02
-2.565350862724603189e+02
-2.639664512288782703e+02
-2.713440020974138633e+02
-2.786823008794534644e+02
-2.858781372207089930e+02
-2.929158473573634183e+02
-2.999578029399091861e+02
-3.070569011654978340e+02
-3.141250957338515377e+02
-3.207676075932764093e+02
-3.247019240580342512e+02
-3.286947220560770120e+02
-3.318345808704219735e+02
-3.340778815445503938e+02
-3.362715743776931845e+02
-3.377844753977218488e+02
-3.379875435324506157e+02
-3.382486036188194021e+02
-3.385614941171032797e+02
-3.388458551837688333e+02
-3.385296274666203544e+02
-3.382113147463797418e+02
-3.371788201865169299e+02
-3.359419373384598089e+02
-3.345693428012731943e+02
-3.331667942430692619e+02
-3.317863164303167309e+02
-3.306323520670533753e+02
-3.296941307580695479e+02
-3.287863097104277017e+02
-3.279285627547427566e+02
-3.271457890504316310e+02
-3.265264946934827890e+02
-3.259004888598590242e+02
-3.250819964577366932e+02
-3.240772205981717207e+02
-3.229999962658988011e+02
-3.221327523696892854e+02
-3.214857030251802712e+02
-3.207998048568591685e+02
-3.199948975147081569e+02
-3.191469755684776146e+02
-3.180979625548218905e+02
-3.168373587471611472e+02
-3.155623033359759688e+02
-3.142573803121479159e+02
-3.128470003513681945e+02
-3.113337585251003361e+02
-3.096231865343346499e+02
-3.077563684172098988e+02
-3.058978172390037003e+02
-3.041499975817213794e+02
-3.022719902758367994e+02
-3.002738341714120338e+02
-2.983780350936781929e+02
-2.964904405135850993e+02
-2.945504321684085198e+02
-2.927512211538368092e+02
-2.912500562658043464e+02
-2.898467824945343523e+02
-2.884851569862547080e+02
-2.872070503782336459e+02
-2.860267076973495932e+02
-2.848944332878344312e+02
-2.838928016662518985e+02
-2.830835668146459057e+02
-2.823042924369938760e+02
-2.814933384433815604e+02
-2.808499552680576130e+02
-2.804581384563433630e+02
-2.801345000263892757e+02
-2.797422662187273659e+02
-2.792427095921547107e+02
-2.787547326106088121e+02
-2.783453144081341861e+02
-2.779902294007378032e+02
-2.776139766144866030e+02
-2.771938908652512623e+02
-2.766939766525835012e+02
-2.761216578528471359e+02
-2.754506703122148110e+02
-2.746470995065228635e+02
-2.737822985601782761e+02
-2.730726282908892131e+02
-2.725032773394357832e+02
-2.719669173683377039e+02
-2.714748378252299972e+02
-2.710611047852804063e+02
-2.706870058060571296e+02
-2.703589320142003771e+02
-2.700556240994307018e+02
-2.696420308980852383e+02
-2.691950769863208279e+02
-2.688273597539312050e+02
-2.684956946371869435e+02
-2.681264836742631701e+02
-2.677051615384478396e+02
-2.672972526817680432e+02
-2.668801560080312925e+02
-2.664178360512498216e+02
-2.658460139503201844e+02
-2.652303325296095977e+02
-2.647728130052536812e+02
-2.644108454990975474e+02
-2.639295291013419842e+02
-2.632882924746128310e+02
-2.626093321333693211e+02
-2.619403261273091061e+02
-2.613097797179751183e+02
-2.606336946348093306e+02
-2.598127541176570503e+02
-2.588482764625534855e+02
-2.578352740040809863e+02
-2.566649654492680384e+02
-2.554230293529339804e+02
-2.542144823158459701e+02
-2.530055667459862150e+02
-2.517202799318983182e+02
-2.502998492401355008e+02
-2.489307437916914978e+02
-2.476634860133095231e+02
-2.464208755851028059e+02
-2.450364711013606325e+02
-2.435816107746444459e+02
-2.421012322961745156e+02
-2.405342050451963587e+02
-2.389221855337132467e+02
-2.373061468845868092e+02
-2.355006707527305423e+02
-2.334486627556990754e+02
-2.313102656887013779e+02
-2.291101127614041104e+02
-2.268009483120199263e+02
-2.243598613960311923e+02
-2.218476398776839460e+02
-2.193154046160252619e+02
-2.167047174467816717e+02
-2.139779015406590190e+02
-2.112144374313753303e+02
-2.084860635227113903e+02
-2.057859068210808289e+02
-2.030883646834282672e+02
-2.003321534792331704e+02
-1.974642555121056091e+02
-1.944878056764702023e+02
-1.914605920935194092e+02
-1.884507939719873946e+02
-1.853946422636798843e+02
-1.822278933391685314e+02
-1.790012554206135178e+02
-1.758260810755099328e+02
-1.728184451946167712e+02
-1.697718526891529223e+02
-1.665722454022165948e+02
-1.633330585150206673e+02
-1.600560842026393402e+02
-1.566681683415339705e+02
-1.531106672681663667e+02
-1.494733935228324810e+02
-1.458661080137241299e+02
-1.423458027947002051e+02
-1.387731222728210696e+02
-1.350625344164207604e+02
-1.313169746206560831e+02
-1.276274147527662137e+02
-1.239917654874313371e+02
-1.203606125473898913e+02
-1.166878565606702267e+02
-1.129684851279380098e+02
-1.091896334504964585e+02
-1.053902687887080702e+02
-1.016221642549809445e+02
-9.778526423326884753e+01
-9.381553094261509784e+01
-8.966049332696064766e+01
-8.524089185594607443e+01
-8.058448966463807039e+01
-7.577781223095870189e+01
-7.087615347333486682e+01
-6.577776081046638978e+01
-6.039294981109922844e+01
-5.466421326431914451e+01
-4.867047898796239025e+01
-4.241594809002909727e+01
-3.593228594327548819e+01
-2.921838290745956357e+01
-2.220049136281204483e+01
-1.487265258208600294e+01
-7.281947236154456604e+00
5.888203905884713540e-01
8.746874411752431300e+00
1.713380220117058883e+01
2.565278844506973144e+01
3.431976396315327094e+01
4.321904148301491944e+01
5.240730904561200987e+01
6.179447999048680629e+01
7.130080173724799408e+01
8.096236467725461239e+01
9.086205322416353170e+01
1.010077121995418281e+02
1.114003588899624049e+02
1.220308705382437466e+02
1.329380922051668392e+02
1.441306985937664251e+02
1.557059523712956093e+02
1.677448915517421142e+02
1.801560698581515965e+02
1.928816695304043094e+02
2.058387773028375989e+02
2.190819131192133398e+02
2.326924012245820279e+02
2.466299068282472717e+02
2.608297720829580157e+02
2.753760038966140655e+02
2.902279960421696501e+02
3.052597856602199613e+02
3.204784914604882715e+02
3.359787391184569856e+02
3.518635785736657908e+02
3.682201257945138764e+02
3.849393228858663747e+02
4.019080591210050102e+02
4.191333245681671542e+02
4.364704157935198623e+02
4.539262024950809860e+02
4.716149693941535475e+02
4.895179925910367160e+02
5.076831661256562143e+02
5.261365287365076711e+02
5.449021064767977123e+02
5.639912873402652167e+02
5.833411752501792762e+02
6.029644726791710809e+02
6.228676391589744981e+02
6.429282343852543136e+02
6.630869589228279892e+02
6.833945848690013918e+02
7.038228757775455051e+02
7.243300855319671427e+02
7.449114930960525953e+02
7.654645220452360945e+02
7.858572523552118128e+02
8.061702491460241617e+02
8.264846217922629421e+02
8.467322802894160532e+02
8.668593346793463752e+02
8.869028153736461491e+02
9.069032160801854161e+02
9.268112801259009075e+02
9.466852250434400275e+02
9.665611137901892107e+02
9.865216461492028657e+02
1.006587828281163866e+03
1.026727771080885304e+03
1.046951451787177120e+03
1.067346249178100379e+03
1.087915682656043828e+03
1.108568175598396465e+03
1.129270528454971782e+03
1.150037583431478424e+03
1.170759568946072022e+03
1.191411730114178226e+03
1.212010798993266235e+03
1.232586490133185862e+03
1.253063101184543484e+03
1.273406378474184748e+03
1.293685358026426456e+03
1.313891456895493548e+03
1.334112608452682935e+03
1.354339127469803316e+03
1.374598408090331986e+03
1.394872889698924610e+03
1.415103235437773492e+03
1.435198974258854378e+03
1.455177280182659160e+03
1.475125475948141684e+03
1.495121330688226863e+03
1.515088662769073380e+03
1.534980717703537948e+03
1.554723665518818507e+03
1.574373403048126875e+03
1.594024304419413056e+03
1.613802263851794123e+03
1.633969184173540498e+03
1.654391967417211617e+03
1.675045313719698470e+03
1.695898141397510017e+03
1.716888471274686481e+03
1.738037869788958005e+03
1.759392108577118279e+03
1.780981077165989518e+03
1.802594836040303790e+03
1.824178679607307004e+03
1.845933196064249842e+03
1.868086816080009385e+03
1.890506136084512264e+03
1.913150953728016702e+03
1.936002895033006098e+03
1.959068749950400843e+03
1.982281112375640532e+03
2.005553847916881296e+03
2.028975872967757141e+03
2.052541460653924787e+03
2.076195588707431853e+03
2.099942350359403008e+03
2.123836399242900825e+03
2.147772647575399787e+03
2.171797291241425228e+03
2.195933556098828831e+03
2.220144924112846184e+03
2.243997887558235561e+03
2.267914771242336883e+03
2.291898662663814321e+03
2.315955430632324806e+03
2.340068258796378814e+03
2.364128173392607096e+03
2.388201916404579606e+03
2.412294173374572892e+03
2.436470187154782252e+03
2.460674626310831172e+03
2.485136465764774130e+03
2.509739633747966309e+03
2.534417626276664578e+03
2.559096375620364597e+03
2.583867301775681881e+03
2.608659979921230388e+03
2.632996714267701009e+03
2.657433254108005258e+03
2.681826978881995728e+03
2.706297223360631506e+03
2.730804121611703977e+03
2.755284838912967189e+03
2.768018030864013326e+03
2.780881094270227095e+03
2.793918445092046568e+03
2.807136609154662438e+03
2.820475283253881116e+03
2.833969681046314690e+03
2.847578913314895090e+03
2.861345985336925423e+03
2.875271591456672468e+03
2.889310752837941436e+03
2.903344131977331017e+03
2.917229457979342897e+03
2.931155712863218469e+03
2.945025314458744106e+03
2.958841394508458052e+03
2.972618772621817698e+03
2.986280271461344910e+03
2.999739964897155005e+03
3.012940761758202370e+03
3.026240585958726570e+03
3.039643532860332016e+03
3.052775912534257714e+03
3.065272340589782289e+03
3.077450671220958156e+03
3.089377408975277831e+03
3.101077961953688828e+03
3.112487525504875975e+03
3.123575665286518415e+03
3.134540115012966908e+03
