1.699118680395926617e+00
1.618879356969217476e+00
1.145324729228961225e+00
-5.968064685132070668e-01
-1.327324896962232437e+00
-9.472460976825691770e-01
-9.080033326334924215e-01
-1.227346780466629372e+00
-2.486131548174214112e-01
1.441844074716320367e+00
1.728468137749568978e+00
4.072526603400381973e+00
7.461310536956398565e+00
1.092769807486035560e+01
1.523479651715993555e+01
1.817911538590099241e+01
1.765174507218358713e+01
1.807320276638379752e+01
1.837835414180414872e+01
1.891026284428691540e+01
1.969198887034198364e+01
1.772359460437410661e+01
1.657704459284163434e+01
1.800956257108727243e+01
1.970549169384564436e+01
2.095542175970469501e+01
1.973270412717094757e+01
1.789666723542143956e+01
1.831916624636642510e+01
2.104338625364477977e+01
2.416282485410690839e+01
2.738594992468033951e+01
3.021782819621841654e+01
2.967005769058767939e+01
2.794573353019595885e+01
2.915060350730201222e+01
3.125326731090487797e+01
3.130699062173342284e+01
3.180458438312792069e+01
3.117276862245331159e+01
3.000484392189085625e+01
2.897319654054285110e+01
2.787513160707292670e+01
2.907790212999537260e+01
2.980905669768892707e+01
2.922570905897566362e+01
2.689763635157707711e+01
2.482852649259844924e+01
2.300984440510617546e+01
1.929704279537637390e+01
1.110280079336781789e+01
1.324655493954670860e+00
-6.933884975223016056e+00
-1.601804764883054588e+01
-1.546955097703768089e+01
-1.024531474499796957e+01
-4.632406848062037952e+00
-5.276041903551424994e-01
1.825975255368199601e+00
3.258364080137087893e+00
3.375945700907447389e+00
2.556486772595277124e+00
1.825973603216926477e+00
2.821940482366317671e+00
6.009776481868060571e+00
7.749501975544166754e+00
7.233130933993618505e+00
6.308850245412596536e+00
7.429144272006840133e+00
1.157543331356942673e+01
1.496994246439292375e+01
1.512755201875907396e+01
1.334097707035771307e+01
1.186719473277888603e+01
1.258149659068775961e+01
1.370835054029321753e+01
1.358754086662186999e+01
1.260554072078279653e+01
1.232955218381128759e+01
1.202566731191544491e+01
1.202816461450764685e+01
1.241090929283906519e+01
1.454516872129842753e+01
1.884808082459289480e+01
2.576561657195736998e+01
2.930715698145150228e+01
2.738848919364561851e+01
2.507486863667877230e+01
2.489965656210121381e+01
2.541457170857006176e+01
2.429557292644124189e+01
2.217603786378116837e+01
2.288786022734098324e+01
2.673343825180726796e+01
2.746068282146302764e+01
2.352164022302410018e+01
1.919204188188372484e+01
1.498136657217756351e+01
1.304974647609107663e+01
1.480423305597857109e+01
1.482619378333743754e+01
1.762057847378455477e+01
2.651142872401664263e+01
3.311928520423926869e+01
3.743510167385449705e+01
3.402339257844036524e+01
3.412778897947680434e+01
3.736993436180944173e+01
4.205471839574203585e+01
5.039343371953798112e+01
5.692705305909727542e+01
5.632649348838864967e+01
4.892743736673903499e+01
4.368581156669169019e+01
4.445017543397229787e+01
4.237770886896619515e+01
5.126980418672411588e+01
6.832719831152209622e+01
8.489085498505748717e+01
9.317204912944080775e+01
9.044612991801419355e+01
7.602875066058831521e+01
6.297719678471111138e+01
6.135842803860772676e+01
6.787072939727310938e+01
7.342809995471836260e+01
7.745149438213378801e+01
8.042454631282666355e+01
8.656461258577544982e+01
9.557901623886228037e+01
1.001674301979976320e+02
1.012661817498099879e+02
1.011656672227810390e+02
1.011237037925040028e+02
1.040918896221830039e+02
1.072958160938054419e+02
1.055503191248298549e+02
1.033405696429445726e+02
1.050465367457599370e+02
1.084153530416372035e+02
1.097812751706625818e+02
1.109229381870432292e+02
1.135665214118023982e+02
1.184217393260364304e+02
1.240283631716032602e+02
1.270632107891499345e+02
1.071806130705744238e+02
-5.360429113755546382e+01
-5.407867010041118760e+01
-1.112890152932919818e+02
-1.671501137247867064e+02
-1.682421744804272237e+02
-2.063030806225117999e+02
-2.857071410247207268e+02
-2.856158349868596815e+02
-2.857456401071816572e+02
-2.884039635787751763e+02
-3.265000514470210646e+02
-3.298145049258812378e+02
-3.751074410152428413e+02
-3.811611315554617363e+02
-3.838181046164866643e+02
-3.849541866275891380e+02
-3.802106909777990040e+02
-3.642287630976899777e+02
-3.497419931096354730e+02
-3.435445522728797982e+02
-3.334961421122091565e+02
-3.256257248009658269e+02
-3.163591310870895654e+02
-3.133859669893161595e+02
-3.199185491443797673e+02
-3.311234548272950633e+02
-3.382856051780666462e+02
-3.293233282989779696e+02
-3.183621676811941938e+02
-3.192635106215320207e+02
-3.281006137246831145e+02
-3.331730373389963233e+02
-3.368919576569778087e+02
-3.406061843396745985e+02
-3.401481095550238365e+02
-3.449272532302844638e+02
-3.506023471484112974e+02
-3.533495694029387550e+02
-3.603228371569899764e+02
-3.702966376491752385e+02
-3.749472259785068786e+02
-3.710057843128942068e+02
-3.805456004806337660e+02
-3.971946799570341682e+02
-3.964142383369923550e+02
-3.933894253342343177e+02
-3.961498010377846981e+02
-3.906022813012425559e+02
-3.746505853478651602e+02
-3.620678284994097567e+02
-3.507808040289031624e+02
-3.408353606393142741e+02
-3.342376990704983086e+02
-3.305166517517121747e+02
-3.208272422882927799e+02
-3.086960867874626615e+02
-3.040955956267098941e+02
-3.019175303637179582e+02
-2.970284633120712101e+02
-2.913700984949188069e+02
-2.896632790230283945e+02
-2.936465499829764099e+02
-2.996805441539898425e+02
-3.017481541724893646e+02
-2.998637444689912854e+02
-2.970771418242356390e+02
-2.978912291084440085e+02
-3.012794401689853316e+02
-3.045190700042116418e+02
-3.054656275787132813e+02
-3.075263884181081266e+02
-3.107157417114477767e+02
-3.131577674234722508e+02
-3.069481606720281661e+02
-3.014624323852925727e+02
-3.008012731353526874e+02
-2.973820222126485078e+02
-2.949909013018905171e+02
-2.934487145706069668e+02
-2.890752894143654430e+02
-2.820313247711167719e+02
-2.786593025422962455e+02
-2.792014696701592698e+02
-2.758256169718911792e+02
-2.708090050170388281e+02
-2.708369032533906307e+02
-2.736521452416973830e+02
-2.772886945264074257e+02
-2.795392070106521487e+02
-2.781096205222701201e+02
-2.798061731956194649e+02
-2.822977205651612849e+02
-2.739511768376352165e+02
-2.649699558800260775e+02
-2.636447848839145536e+02
-2.666318718006038466e+02
-2.659795495016265363e+02
-2.625550598268695239e+02
-2.576885177110479503e+02
-2.582875506216926738e+02
-2.634341552861383207e+02
-2.661366048759528553e+02
-2.678651621275576531e+02
-2.773053136915518166e+02
-2.826662936729638318e+02
-2.801337505286506371e+02
-2.797493003271858356e+02
-2.826496204269347459e+02
-2.845806920659184698e+02
-2.778714022232088041e+02
-2.690832735321230302e+02
-2.641489641580557191e+02
-2.634171382174543510e+02
-2.625801871807992711e+02
-2.607293449933435454e+02
-2.601419956911034888e+02
-2.573391329675856696e+02
-2.532602907469809281e+02
-2.584254727926343662e+02
-2.678610897920649450e+02
-2.702449732257800861e+02
-2.701125215232653431e+02
-2.697071465596278017e+02
-2.724695352797365331e+02
-2.752986523205106550e+02
-2.757720413804538566e+02
-2.753160619333690988e+02
-2.760742952148671634e+02
-2.745242172441418234e+02
-2.711264995945325609e+02
-2.672671359801723838e+02
-2.625014933699317226e+02
-2.612697106427994527e+02
-2.643679445146827334e+02
-2.673013752980892832e+02
-2.686196748694700887e+02
-2.678572496261832612e+02
-2.701669189049146667e+02
-2.710027758172096242e+02
-2.693908619029634224e+02
-2.638328498849357970e+02
-2.538437104615670989e+02
-2.523842349642942509e+02
-2.537625830285154507e+02
-2.509090980123808947e+02
-2.486842454779669538e+02
-2.483728170927743406e+02
-2.528141631256183643e+02
-2.545134065864471893e+02
-2.503704231153811577e+02
-2.454968471398435099e+02
-2.453568353225257681e+02
-2.465000053762800576e+02
-2.432519055106596682e+02
-2.347658010185804471e+02
-2.281576741968541739e+02
-2.252419290270143790e+02
-2.224146994632574774e+02
-2.198557331510074278e+02
-2.177224456317455292e+02
-2.141777242569987720e+02
-2.082679455697372646e+02
-2.070850146192083230e+02
-2.070868004027757650e+02
-2.081501278929198406e+02
-2.076209283033691122e+02
-2.072143661356040241e+02
-2.055324115816601420e+02
-1.993548505601467582e+02
-1.957250753165691322e+02
-1.930478068292044611e+02
-1.895923384656534267e+02
-1.803528691929249419e+02
-1.752885675778292125e+02
-1.719066362851457654e+02
-1.661203606324162934e+02
-1.606179622786005439e+02
-1.562979717993956683e+02
-1.500969048812577569e+02
-1.447406099701770472e+02
-1.419411492059166449e+02
-1.381033458854294054e+02
-1.311572795965780927e+02
-1.260043203204135693e+02
-1.245653612196762055e+02
-1.238379256809319457e+02
-1.186748317787540259e+02
-1.124653408475089691e+02
-1.087163706871203459e+02
-1.074240650746964150e+02
-1.052577338823380586e+02
-1.006489651107796561e+02
-9.589703839109021999e+01
-9.229406648702992300e+01
-8.871438515996740648e+01
-8.698685989242137850e+01
-8.726936233426124545e+01
-8.679781640646208984e+01
-8.099784034653045239e+01
-7.579258678966147045e+01
-7.332238917871974593e+01
-7.338555760797804339e+01
-6.958868463646346925e+01
-6.178614581233631498e+01
-5.655788478062269320e+01
-5.206578673508773392e+01
-4.509786542645232288e+01
-3.936409872356284723e+01
-3.627698186641455180e+01
-3.393329256888003442e+01
-3.427853399840796556e+01
-3.099600400977713477e+01
-2.386473399226058945e+01
-1.851831776477942526e+01
-1.339220894518633465e+01
-1.001871827676256643e+01
-7.372752624527350918e+00
-2.049340260077042508e+00
3.306552812923459150e+00
9.008655014747667167e+00
1.378415545030392231e+01
1.781832645389217618e+01
2.312898668351581932e+01
3.109719703645061273e+01
4.115212904634592661e+01
5.755515995750424452e+01
7.216976534287684331e+01
8.286823443910208198e+01
9.474467489728313296e+01
1.101784844555393903e+02
1.300408531328255322e+02
1.541318543411499888e+02
1.792711873884811666e+02
1.999832862981687072e+02
2.171130925200701824e+02
2.367138215165391841e+02
2.604555304002510638e+02
2.833723550441676480e+02
3.053454158746349094e+02
3.275054476343979672e+02
3.475420920639206770e+02
3.651123214796608067e+02
3.799818950373699522e+02
3.940142107645992837e+02
4.093912899720226619e+02
4.274581280748936365e+02
4.445554249137343277e+02
4.579139639581615597e+02
4.709774057132773919e+02
4.865572477398387150e+02
5.034818046403584049e+02
5.229098363144561290e+02
5.419336605057901579e+02
5.621392335283568400e+02
5.828419981560058432e+02
6.075283667593309929e+02
6.350669884925308679e+02
6.578728819781059656e+02
6.825381399886322242e+02
7.016338795563372059e+02
7.212657598038241531e+02
7.432437287141445950e+02
7.666616515834510892e+02
7.902057694703081552e+02
8.162160240387429440e+02
8.390537419982459824e+02
8.568095116565660874e+02
8.737582492925348561e+02
8.937378776117030839e+02
9.191570747436480815e+02
9.471142992524813735e+02
9.721558214713722919e+02
9.942594401160579309e+02
1.014997609064946232e+03
1.026833264575978092e+03
1.037328483816905873e+03
1.053953261319829608e+03
1.072132051552912799e+03
1.093216964890093550e+03
1.116210411665835863e+03
1.139718819867703132e+03
1.163169178261943671e+03
1.184122261278358337e+03
1.208495042775959064e+03
1.235342117834547480e+03
1.261190873534291768e+03
1.281693237597300822e+03
1.301325791209505496e+03
1.320442129409931340e+03
1.340611069720839851e+03
1.364925306977942228e+03
1.387313591292162073e+03
1.402835005987020850e+03
1.418763093746918230e+03
1.435975451294396862e+03
1.451573331345724228e+03
1.468078793796067885e+03
1.485981196702162379e+03
1.505369458266991614e+03
1.521989290377327734e+03
1.539978787116261628e+03
1.557665646284617651e+03
1.577613836578188511e+03
1.597985138682253137e+03
1.617787857955305299e+03
1.640878970452415160e+03
1.668243268369125644e+03
1.692079972634766136e+03
1.710126982254427730e+03
1.728698419134361075e+03
1.749505103230755594e+03
1.766228967190078265e+03
1.781063330592149214e+03
1.798083366273643151e+03
1.817383466551188349e+03
1.836125029840792195e+03
1.855663625871007071e+03
1.874611655112619701e+03
1.894904072132644160e+03
1.914902972987704516e+03
1.934856900831048733e+03
1.958800565945872222e+03
1.983130548099013822e+03
2.004026513801223018e+03
2.021960353303601778e+03
2.037752097426539194e+03
2.053701257585523763e+03
2.073509533697631923e+03
2.091777802462498585e+03
2.112680370811533521e+03
2.131691168169319553e+03
2.151140073229865266e+03
2.173313522393225867e+03
2.201675175007813777e+03
2.236848483880764434e+03
2.262695478437183738e+03
2.293154039469044164e+03
2.323301712221611069e+03
2.352636757520647279e+03
2.385174322522140301e+03
2.420973147157318181e+03
2.458507293594221210e+03
2.480947793737216671e+03
2.503525656796139174e+03
2.540613105251144589e+03
2.590408074479837069e+03
2.626852437867456047e+03
2.660014849819760002e+03
2.691558607709302578e+03
2.724562364764518861e+03
2.757667052492326548e+03
2.783677723766602867e+03
2.808156509039589764e+03
2.832698354916970857e+03
2.855223134504804875e+03
2.876379030464007883e+03
2.901721726805945764e+03
2.922156096652098768e+03
2.946848078228498252e+03
2.970165181821571878e+03
2.992660867957288247e+03
2.988843453007951666e+03
3.012626857624324657e+03
3.037018623970883709e+03
3.061193936065915295e+03
3.087648660295668378e+03
3.111838144142829151e+03
3.136504553353121537e+03
3.155662400454019462e+03
3.179259245946937881e+03
3.201771452593678987e+03
3.233939334426619553e+03
3.257253409583684515e+03
3.278762917995531097e+03
3.298108427173161999e+03
3.322380599159853318e+03
3.343224314603924086e+03
3.334815715900864689e+03
3.361096462550894103e+03
3.378526459427145710e+03
3.403071569549143533e+03
3.429214461010250943e+03
3.451973586174799948e+03
