-9.474205792017180716e-01
-8.501918944128914468e-01
3.040991706198896694e-01
2.890805665029262617e+00
4.282151853220869775e+00
4.507762342374088682e+00
4.512805442466454764e+00
4.344784637609744316e+00
2.917473113859395006e+00
9.988255277662005938e-03
-2.946503133965756582e+00
-4.196662255350258164e+00
-1.142251613553844258e+01
-1.825534168083469666e+01
-1.895213690708571619e+01
-1.775585727076556353e+01
-1.815971706891255621e+01
-1.811235440840632904e+01
-1.906888237713000933e+01
-1.992940055337863114e+01
-2.032603151522323159e+01
-1.969312744534094151e+01
-1.610073279200504714e+01
-1.477163160058945479e+01
-1.334058060802043322e+01
-1.020076392979041913e+01
-8.855504579758441963e+00
-7.842257652424319048e+00
-7.649778332718765839e+00
-1.057395999243644624e+01
-1.276661551327493349e+01
-1.551445259339131333e+01
-1.909578204473825025e+01
-2.200861792582293930e+01
-2.261310436652743405e+01
-2.412053056981292087e+01
-2.550403291803292660e+01
-2.441117001560449751e+01
-2.362878039446459155e+01
-2.328109498539216915e+01
-2.311167131093078453e+01
-2.482921569559372799e+01
-2.574290736186221906e+01
-2.841940210221259022e+01
-3.196700503526771797e+01
-3.492149568194584930e+01
-3.642221422411673615e+01
-3.705409564198940586e+01
-3.790027287357639807e+01
-4.422052538823358248e+01
-5.694208407805547267e+01
-6.809870768580024958e+01
-7.916316785147415658e+01
-8.433238765088465527e+01
-8.354827248522144600e+01
-8.151777977500185557e+01
-7.481295758516351668e+01
-6.772878497551138821e+01
-6.255230473147309311e+01
-6.110657606319073665e+01
-6.151103177603631877e+01
-6.157235678984793026e+01
-6.075455652749645452e+01
-5.883114719641244506e+01
-5.832086040739001476e+01
-5.821957294181278542e+01
-5.702344925952693444e+01
-5.546701128835092476e+01
-5.521961103425888240e+01
-5.644308029424978912e+01
-5.805711151965646621e+01
-6.014731677612187610e+01
-6.184951019642155501e+01
-6.243555769514183851e+01
-6.183970356073784558e+01
-6.045201961593522100e+01
-5.907871829787320905e+01
-5.584383007031647850e+01
-5.195283481027855998e+01
-4.817662790188362010e+01
-4.624382811109929747e+01
-4.515607998479124063e+01
-4.137300798056264028e+01
-3.589242359801642124e+01
-3.617582976265597239e+01
-4.006726034858932195e+01
-4.686688528277457522e+01
-5.695667172394790612e+01
-6.161886286337647078e+01
-6.301328533721508762e+01
-6.015356643576910756e+01
-5.787486106990289159e+01
-5.486616251494402974e+01
-5.718466346054248817e+01
-6.460471392084649267e+01
-6.607028731573336700e+01
-6.280015213343053659e+01
-5.990212312104704040e+01
-5.768240989356180393e+01
-5.726105160408684469e+01
-5.418414472785997305e+01
-4.918904087944869019e+01
-4.970327467739423355e+01
-4.983350689238745446e+01
-4.719542254674123427e+01
-4.415533790982147622e+01
-4.212744386605479718e+01
-4.067886423345998281e+01
-3.641783065217489224e+01
-3.037550323646362926e+01
-2.953533241979546986e+01
-3.077991442259221699e+01
-3.081684057706054602e+01
-3.040456061197461324e+01
-2.384039997054892623e+01
-2.187631191368345185e+01
-2.330985026267266846e+01
-2.213418968186592650e+01
-2.408352010386070319e+01
-2.319564959568808504e+01
-2.147063466182679292e+01
-1.928301695575492047e+01
-1.395930204905073779e+01
-8.857721586691187809e+00
-6.099362909254850251e+00
-6.198291832519799982e+00
-7.724194495801712357e+00
-1.301011420032200760e+01
-1.721725647209271415e+01
-1.961406137675810868e+01
-2.382826010651078263e+01
-2.607460528435533931e+01
-2.680525788128206344e+01
-2.589805309950693868e+01
-2.631649702194089357e+01
-2.936467905782570753e+01
-3.291630336836360726e+01
-3.310610413153644771e+01
-3.256069028259346965e+01
-3.135588389422627387e+01
-3.065226294331786150e+01
-3.007087523599158274e+01
-3.046182573524311010e+01
-3.043768766140218673e+01
-3.015868583958997462e+01
-3.124389831945472551e+01
-3.430681945313666148e+01
-1.264938107494580208e+02
-1.240717688965234942e+02
-1.541917693897629249e+02
-1.810622417397740946e+02
-1.792581133956183805e+02
-1.978424046143049964e+02
-2.365359223484277891e+02
-2.321778219439719066e+02
-2.275165947372792346e+02
-2.188725366506036494e+02
-2.384236461195009156e+02
-2.393685205873378834e+02
-2.508735489192838770e+02
-2.382679988562890401e+02
-2.339467766629622361e+02
-2.368919059797378566e+02
-2.360090893750204941e+02
-2.429398706540585238e+02
-2.612765507528039848e+02
-2.737244847617408254e+02
-2.779583717384561510e+02
-2.758736984295452999e+02
-2.711941717352840442e+02
-2.717611152001421146e+02
-2.678964345668809983e+02
-2.666858362651898346e+02
-2.643456435523368100e+02
-2.635238962763567088e+02
-2.739143399164201469e+02
-2.867170795976171576e+02
-2.933090611605037452e+02
-2.933923949441299328e+02
-2.977178065041389345e+02
-2.974923793873209092e+02
-2.937865421121143186e+02
-2.899380017248770969e+02
-2.751404795681419273e+02
-2.698937162250085748e+02
-2.699249417674815845e+02
-2.715130249434458847e+02
-2.686238329217463274e+02
-2.675199912987279731e+02
-2.771142964367926993e+02
-2.855401051094838181e+02
-2.857339587093591149e+02
-2.885039012551472410e+02
-2.934115582674451730e+02
-2.950021380540967471e+02
-2.922808466306812534e+02
-2.909507513554309526e+02
-2.942138885133954886e+02
-2.993694542384906185e+02
-3.045338650294480658e+02
-3.088600890040599438e+02
-3.123037401725466680e+02
-3.186851139935981791e+02
-3.228728350906269498e+02
-3.267021455877796825e+02
-3.323537930967700618e+02
-3.364660432952108522e+02
-3.411028635902191013e+02
-3.441032447117953552e+02
-3.434963933973777443e+02
-3.424332374499477964e+02
-3.432339779803573379e+02
-3.456019719143858993e+02
-3.463038831329508298e+02
-3.452646454085020196e+02
-3.429069887334939608e+02
-3.426223578633676539e+02
-3.421712089148467157e+02
-3.423316023689909002e+02
-3.401641638660597096e+02
-3.385684823764602243e+02
-3.429007864522612294e+02
-3.409913194966549099e+02
-3.404273809811024307e+02
-3.425484555630820864e+02
-3.421586356452924633e+02
-3.420110322673932615e+02
-3.443721584931940356e+02
-3.471469728922375566e+02
-3.478910600067241603e+02
-3.413307497703169702e+02
-3.380416856343329073e+02
-3.381172519904222327e+02
-3.360997271529889758e+02
-3.318136317783205982e+02
-3.292282964757000059e+02
-3.313497498396916967e+02
-3.313274851747393086e+02
-3.312959291674730480e+02
-3.355936682502091912e+02
-3.452646680812189857e+02
-3.497887634576990195e+02
-3.424711989832711083e+02
-3.335675140898568429e+02
-3.280665496115535689e+02
-3.254520819292252440e+02
-3.252355417913147448e+02
-3.236244224386644532e+02
-3.229934131035093401e+02
-3.262743087132806750e+02
-3.221952080796027644e+02
-3.137141270977282375e+02
-3.138960014472709759e+02
-3.155747965437980724e+02
-3.130165787617396518e+02
-3.066184824741777675e+02
-2.986213184743097031e+02
-2.978994370878118048e+02
-3.003855181083783350e+02
-3.022858651321488992e+02
-3.015258788952553459e+02
-2.992926930061865960e+02
-2.987706557975268993e+02
-2.980076263237427838e+02
-3.007760103136588441e+02
-3.007732672873785305e+02
-2.976677556408187115e+02
-2.923822063259971173e+02
-2.890467292511925166e+02
-2.791939463298269857e+02
-2.752538389306401996e+02
-2.755371252388717380e+02
-2.777502233956893747e+02
-2.792588086471771476e+02
-2.802098622707981121e+02
-2.809246049395136993e+02
-2.819790406313784388e+02
-2.825122041901958596e+02
-2.829375864009577413e+02
-2.844195060804221384e+02
-2.827119471817246108e+02
-2.757298162921884455e+02
-2.696612904448994641e+02
-2.695354243528930169e+02
-2.736407275065018325e+02
-2.689250255028502465e+02
-2.705326400793403536e+02
-2.650113894921312863e+02
-2.655496644931640162e+02
-2.693726270363985122e+02
-2.616903516866909172e+02
-2.581313030401585138e+02
-2.539770362190904223e+02
-2.513650275296520533e+02
-2.470989042277018939e+02
-2.456680780692465760e+02
-2.485747411135310472e+02
-2.569092853280459394e+02
-2.581720888537624887e+02
-2.603188435077224199e+02
-2.577809419120745815e+02
-2.594759798416089893e+02
-2.582745416409057384e+02
-2.586077061016923722e+02
-2.567554079920816434e+02
-2.591854919218172881e+02
-2.560823202923513122e+02
-2.570659628612053780e+02
-2.575264042379693024e+02
-2.566755736597655186e+02
-2.557516610803016590e+02
-2.548077327699464263e+02
-2.527700099224244354e+02
-2.492425530848638573e+02
-2.485537475411932746e+02
-2.509314299137258786e+02
-2.530296278376681869e+02
-2.527979397129152517e+02
-2.450237153218083961e+02
-2.433518809190423156e+02
-2.435706382826841150e+02
-2.380309651771005690e+02
-2.328222624678041655e+02
-2.268619669873054363e+02
-2.228630213906350264e+02
-2.187880700911049132e+02
-2.187617009791042335e+02
-2.177716581807381999e+02
-2.100962658331351349e+02
-2.099402740876230382e+02
-2.111598240258070689e+02
-2.088534135067619388e+02
-2.039819257322473902e+02
-2.027785597211524191e+02
-2.041100909935866525e+02
-2.056372821706295326e+02
-2.006997456902125236e+02
-2.008806337761967598e+02
-2.012495386874865346e+02
-2.015572993836874218e+02
-2.026160056584581355e+02
-2.010339597249367785e+02
-1.996786717614735096e+02
-1.968088697122355768e+02
-1.938888453479158898e+02
-1.955007234804084533e+02
-1.977682795576829164e+02
-1.983150187197614116e+02
-1.984968342092055025e+02
-1.984620996818674143e+02
-1.994569535320781029e+02
-1.989658282335462332e+02
-1.987828030340179737e+02
-2.031747971036867852e+02
-2.082845816554858800e+02
-2.122414433224821266e+02
-2.170935479672557733e+02
-2.205161055424573817e+02
-2.208896227808913011e+02
-2.203034811103417212e+02
-2.210937005772254622e+02
-2.203387714481806370e+02
-2.222633760214058327e+02
-2.236894291970491224e+02
-2.246517918982178514e+02
-2.255069184384622645e+02
-2.256251718699184323e+02
-2.259089832458026308e+02
-2.252181197109040625e+02
-2.230856908356065844e+02
-2.189274216649814377e+02
-2.184186001463748994e+02
-2.190212655225965079e+02
-2.243772951711476651e+02
-2.305852602797814370e+02
-2.325414398056941820e+02
-2.350582964549118685e+02
-2.367182473875338644e+02
-2.370368848529364243e+02
-2.398238582013313192e+02
-2.434656240497994020e+02
-2.441277742777185722e+02
-2.425217846863906175e+02
-2.428539391230696651e+02
-2.432768040804190832e+02
-2.414208084161135162e+02
-2.398052021167552255e+02
-2.394689132172294421e+02
-2.382868940895605760e+02
-2.341995926006686375e+02
-2.310832033742512408e+02
-2.320066127593366616e+02
-2.341234806297226783e+02
-2.365563336466709075e+02
-2.388828535138321456e+02
-2.394195471614818018e+02
-2.372575279400001307e+02
-2.358555659565694498e+02
-2.341541325138967977e+02
-2.360601012440494628e+02
-2.368569611850222429e+02
-2.373509268043204372e+02
-2.371084198895421196e+02
-2.384716827526498832e+02
-2.443245088544410919e+02
-2.476685276973666134e+02
-2.476913103433748518e+02
-2.466512777853772604e+02
-2.436618170252689310e+02
-2.378260751190365738e+02
-2.346958669742391521e+02
-2.367253153143513487e+02
-2.436945194937840711e+02
-2.484187222186420172e+02
-2.490695708519936886e+02
-2.474714995659647059e+02
-2.419911104395796713e+02
-2.388312260201033155e+02
-2.390649450047407356e+02
-2.379548690511174129e+02
-2.369357710708310663e+02
-2.386268089606185754e+02
-2.374445927957194442e+02
-2.367646750476387183e+02
-2.351498966544466782e+02
-2.337298463519642553e+02
-2.297671790559122087e+02
-2.253889998419100777e+02
-2.215927336961064498e+02
-2.201656681001301479e+02
-2.200919138967905155e+02
-2.214330250659801891e+02
-2.267906887695299645e+02
-2.314501414109120390e+02
-2.339924137844151346e+02
-2.332984941993941845e+02
-2.303461659053960773e+02
-2.311151680611954191e+02
-2.308445683506621435e+02
-2.305767695475379071e+02
-2.282778008418146101e+02
-2.258170884086906085e+02
-2.241622283837463954e+02
-2.233688457104884435e+02
-2.229229208162200848e+02
-2.242568097188296861e+02
-2.261232012466449817e+02
-2.259184795662027057e+02
-2.271666649344282689e+02
-2.311956225941922867e+02
-2.356153881836291930e+02
-2.391725908077759186e+02
-2.385264781174528821e+02
-2.390728120413694739e+02
-2.401295183373618158e+02
-2.417475186553410538e+02
-2.391895672510038366e+02
-2.390919326795072948e+02
-2.426777903482025351e+02
-2.438170178698680672e+02
-2.428211371940249421e+02
-2.429024164340061418e+02
-2.420178339770735363e+02
-2.398298136324156928e+02
-2.372300470407460296e+02
-2.326675132281785920e+02
-2.276298233746948938e+02
-2.215740490296548160e+02
-2.167113235503524322e+02
-2.145470587233128583e+02
-2.151872994249945066e+02
-2.159229442824490945e+02
-2.149397185777779953e+02
-2.094225904490566279e+02
-2.076002288768414985e+02
-2.010098471578671138e+02
-1.925180671227332425e+02
-1.884846569609229903e+02
-1.814951564943129370e+02
-1.735555028968060185e+02
-1.668662841545809954e+02
-1.537065436272266936e+02
-1.469364261433386787e+02
-1.431721585466477507e+02
-1.409321520841895676e+02
-1.366684114291920764e+02
-1.350387897251929985e+02
-1.343167445244367570e+02
-1.339754881691557955e+02
-1.469572806783370424e+02
-1.473074295128099322e+02
-1.418226389959114329e+02
-1.193047540297718854e+02
-1.129206573693608959e+02
-1.044780497096342060e+02
-1.005586053583379282e+02
-9.715078254592921780e+01
-9.111901617633304795e+01
-8.362230902559794288e+01
-7.742650318433719292e+01
-7.094995378597047875e+01
-6.772889048985707916e+01
-6.505873688380576425e+01
-6.100325336777115126e+01
-5.747936425901880142e+01
-5.297036954907294870e+01
-4.863619501153824842e+01
-4.956016089649174461e+01
-6.385705041219551248e+01
-6.292184138885023259e+01
-5.589830120032832639e+01
-5.464044250656684909e+01
-5.206541812651970957e+01
-4.584969676002963723e+01
-3.330469675847216848e+01
-3.049940449132134290e+01
-3.046399088846248659e+01
-2.966005630326211318e+01
-1.566906013618178406e+01
-1.825618317325942641e+01
-1.604498105383315476e+01
-1.284865968327931895e+01
-1.699715373910669669e+01
-2.769337108482497456e+01
-4.618048714416281797e+01
-4.845760815487248152e+01
-4.716216760465888314e+01
-4.567984389600879780e+01
-5.765332711603380744e+01
-6.057203773206898489e+01
