-8.539382741094422968e+00
-8.675745088584116971e+00
-8.889454698109341635e+00
-9.198737344976883890e+00
-9.575498538531180159e+00
-9.948001562188215630e+00
-1.034168292351112228e+01
-1.075147616660630590e+01
-1.111094179421152184e+01
-1.143191201473083218e+01
-1.172814158899736370e+01
-1.200578865538598450e+01
-1.231110834681950195e+01
-1.262347576577398378e+01
-1.298247409160213550e+01
-1.340435255701692441e+01
-1.387211653799364086e+01
-1.435190585046434464e+01
-1.482486813778778334e+01
-1.529579476504877533e+01
-1.587428937751247027e+01
-1.667954025399370721e+01
-1.766837039691306188e+01
-1.882864959416893313e+01
-2.004168178040440651e+01
-2.119634706594653650e+01
-2.227351550717966688e+01
-2.319526010503903279e+01
-2.396307949935752291e+01
-2.461713416430863077e+01
-2.522529152929000062e+01
-2.623468504923724609e+01
-2.724672113082782587e+01
-2.826436539246309820e+01
-2.929306460682046165e+01
-3.033644814449731086e+01
-3.138190373256709265e+01
-3.240750797760031077e+01
-3.340437124303299044e+01
-3.437332264550163075e+01
-3.531420712132708672e+01
-3.623271726108859525e+01
-3.716522816976812749e+01
-3.800567807078284943e+01
-3.874201500435462719e+01
-3.945680778191550075e+01
-4.016841048766832500e+01
-4.085039384148434038e+01
-4.147925176918284507e+01
-4.202731764306864903e+01
-4.249810476554373651e+01
-4.293006804214167005e+01
-4.335445058446584454e+01
-4.377565517094180336e+01
-4.412766837089892391e+01
-4.450825585680950525e+01
-4.500603079712282550e+01
-4.563955380883976432e+01
-4.645812737669848502e+01
-4.735761211887611211e+01
-4.823160087462242984e+01
-4.902138338999731815e+01
-4.972739019793917947e+01
-5.032356320577594033e+01
-5.090983063135459474e+01
-5.160969079059324827e+01
-5.230885340302526743e+01
-5.293045538994855548e+01
-5.352197127503927021e+01
-5.408953176669088236e+01
-5.465586437700245881e+01
-5.517373893395128448e+01
-5.557973602034886085e+01
-5.597907547560772912e+01
-5.633597722211064962e+01
-5.658978418063520621e+01
-5.674368155109979739e+01
-5.683876871179875678e+01
-5.689918152165660814e+01
-5.687447415129990702e+01
-5.664372378210374137e+01
-5.618694458779941669e+01
-5.556496470007928679e+01
-5.475919257883906255e+01
-5.386039546152390045e+01
-5.286526425294601239e+01
-5.187123978859071372e+01
-5.101285466654919531e+01
-5.025294474498844011e+01
-4.961179833452823118e+01
-4.897994956006985490e+01
-4.831260960816636896e+01
-4.760778727759815609e+01
-4.682786636962406135e+01
-4.599497594279537083e+01
-4.512461765115978807e+01
-4.425759629933823902e+01
-4.343594205327615043e+01
-4.272832710180900051e+01
-4.209495452577289853e+01
-4.148113754381471097e+01
-4.091065668692893809e+01
-4.034277816206614631e+01
-3.975870729014715721e+01
-3.914974888021991006e+01
-3.855769543790663079e+01
-3.803957309527147856e+01
-3.760353284644631344e+01
-3.722457074746665029e+01
-3.690136833867190802e+01
-3.662102260521094621e+01
-3.636116318574793382e+01
-3.610974310660127173e+01
-3.592789006917926997e+01
-3.583697780356904161e+01
-3.573669207151794325e+01
-3.558963603769903017e+01
-3.538030160720506245e+01
-3.653925392429689367e+01
-3.758013569151601274e+01
-3.909977709239181110e+01
-4.111492168079189469e+01
-4.313797588622048806e+01
-4.552091325454316717e+01
-4.851010090267458708e+01
-5.130298603639334232e+01
-5.399375782675244295e+01
-5.659496423537199661e+01
-5.957032295201290140e+01
-6.259842479690916406e+01
-6.582529975216245077e+01
-6.889336398763626335e+01
-7.197265958402815045e+01
-7.509247010573388081e+01
-7.819539648044444391e+01
-8.145780394889972342e+01
-8.507649082961610532e+01
-8.893644151121087305e+01
-9.289109996962747573e+01
-9.688203109925031242e+01
-1.008956755742306513e+02
-1.049327719539030852e+02
-1.088847139563079054e+02
-1.128158638844434023e+02
-1.167148819334494334e+02
-1.207096068718795578e+02
-1.249102406719251945e+02
-1.293003611608409358e+02
-1.338199423521515712e+02
-1.383084235994893731e+02
-1.428837928812968983e+02
-1.474841552933884543e+02
-1.520592140459944517e+02
-1.566588590405915795e+02
-1.610969050069490436e+02
-1.654934775622115808e+02
-1.698889217277942976e+02
-1.742854022352550487e+02
-1.785456308806121228e+02
-1.827173431277227280e+02
-1.870090137120566283e+02
-1.913708777954394975e+02
-1.956985336858562050e+02
-2.000601777420873191e+02
-2.045187361615529653e+02
-2.089968301787555731e+02
-2.133787663049698438e+02
-2.176793404380876211e+02
-2.220311368444519076e+02
-2.264779495770502251e+02
-2.310309159293039158e+02
-2.356677130303163210e+02
-2.403715941125921915e+02
-2.451753155835648386e+02
-2.500492347073852102e+02
-2.549916257031883902e+02
-2.600101239494769629e+02
-2.650461110135115632e+02
-2.686229285608575879e+02
-2.722901198244454690e+02
-2.754451968912390498e+02
-2.781347134864085433e+02
-2.808676445628208853e+02
-2.833303040178222432e+02
-2.851597700308976187e+02
-2.870445504219731561e+02
-2.889677236552433897e+02
-2.910302206754561212e+02
-2.927593467220452226e+02
-2.944753980850728112e+02
-2.959635750008523587e+02
-2.976352497261885901e+02
-2.994511498893435260e+02
-3.011861401146254593e+02
-3.029264449747267918e+02
-3.045865880565439170e+02
-3.059346228047519958e+02
-3.070727319298463271e+02
-3.081796283757586252e+02
-3.093675162834701382e+02
-3.106457977546608618e+02
-3.118052916641637466e+02
-3.129743791819545891e+02
-3.141649027773750618e+02
-3.153608041707192911e+02
-3.164989664290853284e+02
-3.174208657050732540e+02
-3.181647435424411015e+02
-3.187983839426784698e+02
-3.194301095130675208e+02
-3.200613738755020563e+02
-3.208575786870670186e+02
-3.217909490428267532e+02
-3.226665023304666420e+02
-3.236402862391618669e+02
-3.246098334622710126e+02
-3.255352857983000945e+02
-3.264306610790978880e+02
-3.273473375710464666e+02
-3.282718946011261210e+02
-3.290912281390675389e+02
-3.297021465219029324e+02
-3.301684826617091630e+02
-3.305916843315778806e+02
-3.309610716361837603e+02
-3.312613123146444991e+02
-3.315002729120360527e+02
-3.316281156973507791e+02
-3.316895415069243995e+02
-3.317064759047558482e+02
-3.316690092398008574e+02
-3.315467724046541207e+02
-3.313299216185480986e+02
-3.309980139819469400e+02
-3.305835938358321755e+02
-3.301514915812634285e+02
-3.296251494844402146e+02
-3.289785113568669317e+02
-3.281665004024632708e+02
-3.272488918114531771e+02
-3.261771843603273169e+02
-3.250575277183389176e+02
-3.239292468393141462e+02
-3.227983843640025157e+02
-3.216809664559063435e+02
-3.205967200702779110e+02
-3.195636803403783119e+02
-3.185529583865118184e+02
-3.175586416411009054e+02
-3.165687413749671464e+02
-3.156396637452065193e+02
-3.147087214919609437e+02
-3.135892053226262988e+02
-3.124003715050970413e+02
-3.112188388946268560e+02
-3.100703767603505980e+02
-3.088498165913098887e+02
-3.076585100548423952e+02
-3.063358305714912717e+02
-3.049758754315067222e+02
-3.036672348820013099e+02
-3.023398949139408955e+02
-3.010080552040379871e+02
-2.996057182745158229e+02
-2.981934732807934552e+02
-2.967815611549498271e+02
-2.953888908481756630e+02
-2.940093073694063150e+02
-2.927690040386280543e+02
-2.915502733667328812e+02
-2.902956929543580600e+02
-2.888376308515389610e+02
-2.873324177912707569e+02
-2.859291401688979590e+02
-2.846798100357618750e+02
-2.834912910087706450e+02
-2.823868478419805115e+02
-2.812342941503311522e+02
-2.801249864907068172e+02
-2.790338696762811423e+02
-2.778738907587224958e+02
-2.767664983087342421e+02
-2.757847250699378492e+02
-2.747659585445237553e+02
-2.736604211535415629e+02
-2.725860406331991044e+02
-2.716579230905248892e+02
-2.708980615799142129e+02
-2.701463699569992514e+02
-2.692236732438897775e+02
-2.682414401736713216e+02
-2.672755194967951411e+02
-2.662544906996437248e+02
-2.651553508108149799e+02
-2.639695898218743650e+02
-2.626710400064906139e+02
-2.613046200532194234e+02
-2.599895191421908294e+02
-2.587460100064365633e+02
-2.574301689494689072e+02
-2.562759410787655270e+02
-2.552077074970183048e+02
-2.540963123014831240e+02
-2.528668406737590999e+02
-2.515921698583253487e+02
-2.503238403370385470e+02
-2.490690516242238459e+02
-2.477143967085377199e+02
-2.463538705349710369e+02
-2.449924030730798847e+02
-2.436113662948009448e+02
-2.422764339360798260e+02
-2.410315029932923210e+02
-2.398651260152352336e+02
-2.386530167712242871e+02
-2.373238187352478406e+02
-2.361000803682071592e+02
-2.348873410261795129e+02
-2.337757348466400060e+02
-2.326581876752406970e+02
-2.314763455526651228e+02
-2.304391222500882463e+02
-2.294530310033113949e+02
-2.285331271168935245e+02
-2.277299566097941295e+02
-2.270830512335905098e+02
-2.265259406544777789e+02
-2.260012541020398373e+02
-2.253947011056133931e+02
-2.247733266710655471e+02
-2.241064039644425350e+02
-2.234949499421950065e+02
-2.228426631356378778e+02
-2.222424770419796118e+02
-2.216605057602355373e+02
-2.211254454920044736e+02
-2.205641359339485632e+02
-2.200565167935747013e+02
-2.195372337999846764e+02
-2.189987623912002164e+02
-2.184389310107976314e+02
-2.178251936872089800e+02
-2.172187081434827860e+02
-2.166562290701523068e+02
-2.162418081049236775e+02
-2.159423333172335049e+02
-2.156358334820996561e+02
-2.153363112923870233e+02
-2.150683164202973501e+02
-2.149352025791495180e+02
-2.148764022005209711e+02
-2.148746519633062064e+02
-2.149762654483164965e+02
-2.151379241519595666e+02
-2.154044570208889695e+02
-2.157446867323854178e+02
-2.161218990378021658e+02
-2.164726240567630100e+02
-2.168342449740378868e+02
-2.173040887783116659e+02
-2.177084107535291082e+02
-2.180404670760031536e+02
-2.184263537302127247e+02
-2.189287129785039667e+02
-2.194916758772626224e+02
-2.200712219192667760e+02
-2.206342596691143001e+02
-2.212435560399440817e+02
-2.218264715762836090e+02
-2.223748814733904737e+02
-2.229499281710631635e+02
-2.235206107631725558e+02
-2.241258935478289516e+02
-2.247497226832967385e+02
-2.254441029006370059e+02
-2.262846972924124316e+02
-2.271541606960283559e+02
-2.279862112091232120e+02
-2.287918155268834823e+02
-2.295445652404845873e+02
-2.302006314977707575e+02
-2.307879467218067759e+02
-2.314172715064868839e+02
-2.321658001141496470e+02
-2.329198655327322456e+02
-2.335996153526740216e+02
-2.341867829567320882e+02
-2.346017423312707990e+02
-2.349069943392315167e+02
-2.352099163762956664e+02
-2.355041061753086069e+02
-2.357681406835353926e+02
-2.360729413087426849e+02
-2.363259615883145273e+02
-2.365438823524910106e+02
-2.367188507650948281e+02
-2.368558995636531677e+02
-2.369249330167531014e+02
-2.369162666266882411e+02
-2.368558435264416175e+02
-2.368071764808503588e+02
-2.368265846847138221e+02
-2.368768251000406053e+02
-2.370063154874895019e+02
-2.371241962581522387e+02
-2.371809821498961242e+02
-2.371935997231244642e+02
-2.371150642139658373e+02
-2.370216795585268414e+02
-2.369184742834889335e+02
-2.367643561392590641e+02
-2.365112257524592962e+02
-2.362060476546421910e+02
-2.359000550495980804e+02
-2.355753034927217584e+02
-2.352360721049850554e+02
-2.349500054600303542e+02
-2.347219721121951750e+02
-2.344961315513447175e+02
-2.343107943987591852e+02
-2.342607282319845865e+02
-2.343362646454742446e+02
-2.344556976129482564e+02
-2.345290809044104208e+02
-2.345710222109887297e+02
-2.345917999580475737e+02
-2.346305994829452288e+02
-2.346628001381285742e+02
-2.347167395835108721e+02
-2.348588005474159957e+02
-2.349880824911795969e+02
-2.350874854246629866e+02
-2.351800102518244273e+02
-2.352618338199499703e+02
-2.352844693346127372e+02
-2.351662283043844752e+02
-2.349162113965646483e+02
-2.345818532804200061e+02
-2.341638994678246206e+02
-2.337147245765760033e+02
-2.333267409699806194e+02
-2.330015981774931788e+02
-2.326548919936281550e+02
-2.321756453116947227e+02
-2.315257097822016590e+02
-2.308345540826157389e+02
-2.300601932091474850e+02
-2.292356424872000389e+02
-2.283965330028803464e+02
-2.274370365277065105e+02
-2.263637137584680374e+02
-2.251958889765305400e+02
-2.237805512209740186e+02
-2.222720817767676635e+02
-2.207122065017511545e+02
-2.191419107589135535e+02
-2.175242201768673453e+02
-2.159454136880220574e+02
-2.144275427660641355e+02
-2.129672553406149405e+02
-2.117471155502517206e+02
-2.105340408105186896e+02
-2.092072010426842326e+02
-2.074157687970215989e+02
-2.054402773963290940e+02
-2.032817046617493872e+02
-2.010693731810651173e+02
-1.988494501250739859e+02
-1.965161809269929734e+02
-1.940624766049085679e+02
-1.915099721655218730e+02
-1.888878413812577719e+02
-1.862530380826105443e+02
-1.836013132242782149e+02
-1.808952200185662207e+02
-1.781378274092795664e+02
-1.752830534064503070e+02
-1.723249366358651571e+02
-1.693856313247033256e+02
-1.666638044159994649e+02
-1.638592413959104590e+02
-1.608639566128554463e+02
-1.577884208078353083e+02
-1.546807364746531448e+02
-1.514603512199641386e+02
-1.480132708603159699e+02
-1.444924689575822754e+02
-1.410137093515399158e+02
-1.375231780786024842e+02
-1.337396992417354795e+02
-1.299803519967919954e+02
-1.262007493944554710e+02
-1.223665201152766855e+02
-1.186161754446439147e+02
-1.150805680688507380e+02
-1.118964087372410177e+02
-1.088262436526858892e+02
-1.058184493898519634e+02
-1.028868793042911847e+02
-1.002359126970525409e+02
-9.766966234719846796e+01
-9.567783798994767608e+01
-9.360464650214591131e+01
-9.147596102713484356e+01
-8.936977121602910756e+01
-8.722012653128706461e+01
-8.511290948264669964e+01
-8.308639707434319632e+01
-8.105950746113974503e+01
-7.909018100950889618e+01
-7.720087457176295231e+01
-7.537096825374625553e+01
-7.373897710013207529e+01
-7.218158456729790373e+01
-7.063831121992072326e+01
-6.907622586738141024e+01
-6.754003983188570714e+01
-6.597030146227393743e+01
-6.434300519888908809e+01
-6.264465195571187195e+01
-6.053683623764622013e+01
-5.831194923059074853e+01
-5.611429949992443511e+01
-5.440644937749610932e+01
-5.278105471105541824e+01
-5.130399771109603080e+01
-4.985533278029480186e+01
-4.842213733285132804e+01
-4.708785986899251697e+01
-4.590932925103750506e+01
