=== Run information ===

Scheme:       weka.clusterers.EM -I 100 -N -1 -X 10 -max -1 -ll-cv 1.0E-6 -ll-iter 1.0E-6 -M 1.0E-6 -num-slots 1 -S 100
Relation:     Bank_Note_Authentication-weka.filters.unsupervised.instance.Randomize-S42-weka.filters.unsupervised.instance.RemovePercentage-P10.0_ICA-weka.filters.unsupervised.attribute.IndependentComponents-W-A5-N200-T1.0E-4
Instances:    1235
Attributes:   5
              Source_0
              Source_1
              Source_2
              Source_3
              class
Test mode:    evaluate on training data


=== Clustering model (full training set) ===


EM
==

Number of clusters selected by cross validation: 22
Number of iterations performed: 81


             Cluster
Attribute          0        1        2        3        4        5        6        7        8        9       10       11       12       13       14       15       16       17       18       19       20       21
              (0.08)   (0.03)   (0.06)   (0.04)   (0.06)   (0.01)   (0.07)   (0.05)   (0.06)   (0.04)   (0.05)   (0.07)   (0.01)   (0.03)   (0.07)   (0.02)   (0.05)   (0.02)   (0.05)   (0.05)   (0.08)   (0.01)
==================================================================================================================================================================================================================
Source_0
  mean        -0.0337   0.0564   0.0017   0.0131  -0.0023   0.0378   0.0254   0.0216  -0.0155   0.0253   -0.008   0.0054   0.1224   0.0721   0.0267   0.1064  -0.0058  -0.0468   0.0802   0.0136  -0.0162   0.0112
  std. dev.    0.0201    0.019   0.0194   0.0136   0.0161   0.0085   0.0183   0.0199   0.0256   0.0117   0.0156   0.0168   0.0101   0.0217    0.025   0.0246   0.0205   0.0079   0.0287   0.0113   0.0212   0.0052

Source_1
  mean        -0.0112  -0.0725   0.0242  -0.0403  -0.0191  -0.0196   0.0173   0.0119  -0.0273   0.0239  -0.0015   0.0017   0.0234   0.0266   -0.046   0.0346   0.0135  -0.0058   0.0253   0.0353  -0.0005   0.0222
  std. dev.    0.0136   0.0151   0.0067   0.0089   0.0186   0.0046    0.004    0.004   0.0092    0.006   0.0079   0.0074   0.0015   0.0051   0.0141   0.0016   0.0079   0.0058   0.0075   0.0016   0.0153   0.0008

Source_2
  mean         0.0895  -0.3252  -0.1305   -0.063    0.032   0.0476  -0.3482  -0.2013  -0.0556  -0.2275  -0.0288   -0.104  -0.8116  -0.4144  -0.1683  -0.7895  -0.0537   0.1704  -0.5808  -0.4149   0.0235  -0.4906
  std. dev.    0.0221   0.0667   0.0256   0.0286   0.0284   0.0169    0.048   0.0278   0.0329   0.0346    0.017   0.0247   0.0466   0.0461   0.0323   0.0559   0.0219   0.0237   0.0755   0.0541   0.0182   0.0258

Source_3
  mean         0.1294  -0.3523  -0.1123  -0.0911   0.0022   0.1126  -0.4268  -0.2765  -0.0322  -0.2185  -0.0795  -0.1623  -0.9334  -0.4099  -0.1841  -0.8555  -0.0245   0.2204  -0.6532  -0.4188   0.0626  -0.5999
  std. dev.    0.0271   0.0731   0.0297   0.0322   0.0318     0.02   0.0661   0.0293   0.0379   0.0398   0.0202   0.0323   0.0542   0.0569   0.0337   0.0574   0.0259    0.028   0.0955   0.0562   0.0213    0.032

class
  0                88   3.0121  74.5502   2.7364   1.7145  10.6923  11.8617   1.2422  79.1903  48.9873   1.0651  12.7206        1  36.6292  28.5815  19.4343  63.3519  25.1179  28.0808  62.9277 103.1038        1
  1            7.1918  32.4186   1.0411  50.2999  77.8638        1  71.2863  59.3047   1.4693   1.0344  57.6455  71.4002  16.9522   2.0332  55.2662   5.4764     1.04        1  41.2814        1    1.063  16.9322
  [total]     95.1918  35.4306  75.5914  53.0363  79.5783  11.6923  83.1479  60.5469  80.6596  50.0217  58.7106  84.1208  17.9522  38.6624  83.8476  24.9107   64.392  26.1179  69.3622  63.9277 104.1669  17.9322


Time taken to build model (full training data) : 556.66 seconds

=== Model and evaluation on training set ===

Clustered Instances

 0        94 (  8%)
 1        34 (  3%)
 2        75 (  6%)
 3        49 (  4%)
 4        76 (  6%)
 5        10 (  1%)
 6        81 (  7%)
 7        58 (  5%)
 8        81 (  7%)
 9        48 (  4%)
10        59 (  5%)
11        81 (  7%)
12        16 (  1%)
13        37 (  3%)
14        81 (  7%)
15        23 (  2%)
16        62 (  5%)
17        24 (  2%)
18        67 (  5%)
19        62 (  5%)
20       101 (  8%)
21        16 (  1%)


Log likelihood: 6.99258

