=== Run information ===

Scheme:weka.clusterers.EM -I 100 -N -1 -M 1.0E-6 -S 100
Relation:     Bank_Note_Authentication-weka.filters.unsupervised.instance.Randomize-S42-weka.filters.unsupervised.instance.RemovePercentage-P10.0
Instances:    1235
Attributes:   5
              variance
              skewness
              curtosis
              entropy
              class
Test mode:evaluate on training data

=== Model and evaluation on training set ===


EM
==

Number of clusters selected by cross validation: 18


             Cluster
Attribute          0        1        2        3        4        5        6        7        8        9       10       11       12       13       14       15       16       17
              (0.08)   (0.03)   (0.09)   (0.08)   (0.05)   (0.05)   (0.09)   (0.05)   (0.01)   (0.03)   (0.08)   (0.07)   (0.02)   (0.08)   (0.05)   (0.02)   (0.06)   (0.06)
==============================================================================================================================================================================
variance
  mean         1.1373  -4.8012  -1.6008   2.6576   0.7101    3.941    4.141    0.571   -5.671  -1.7921   3.9723   1.5764  -3.7921   -2.277  -1.6263  -1.3235  -2.9336   0.0188
  std. dev.    1.0086   1.2256   1.0932   1.3199   1.3648   0.9815   0.6523   0.8123   0.7607   0.7719   1.0834   0.9979   0.4866   1.1866   0.6181   0.9393   1.0269   0.9844

skewness
  mean         8.2004   6.3864  -1.0227   -4.341   0.6267  10.2189    0.586   3.8359   7.1614    10.82   7.1511   4.1327 -12.9136   2.8525  -6.3301  10.7009  -8.1274   0.8955
  std. dev.    1.2402   2.1243   1.2546   1.0489   1.2124   0.5721   2.1244   0.6175   0.8679   1.2041   1.2607   2.1819   0.3974   0.7452   0.8263   1.2262   1.5139    0.883

curtosis
  mean        -0.8986  -0.2095   1.4884   4.8202   5.7359   -3.949   1.1524  -4.3419   0.2467   2.3958   -2.208   1.1706  14.9786  -0.9556   5.8345  -1.3893   9.8523  -1.5656
  std. dev.    1.2371   0.4064   1.2328   2.0496   1.4842    0.448   1.1644   0.6301   0.4611   0.4837     0.88   1.0077   1.8643   1.1416   0.9995   1.9413   1.3227    1.091

entropy
  mean        -2.2415  -4.6857   0.5173  -0.3242   0.2391  -4.0304   1.0311  -3.5661  -7.0051  -4.2711  -0.6515  -0.0154  -2.2098  -1.9659   0.3718  -6.7145  -0.5109  -0.0724
  std. dev.     1.068   0.8671   0.5874   0.8924   0.7175   0.5085   0.5223   1.3221    0.409   1.0923   0.6698   0.4945    0.893   0.9256   0.5651   0.9642   0.9214   0.6062

class
  0          103.7467   1.0011   1.0414  95.2698  64.5773  60.5519 114.9529        1        1  33.6485  95.6576  92.6819        1   1.0022   1.0007  30.6841   1.0578   1.1261
  1                 1  32.2475 108.9401   1.0638    1.009        1        1  56.6178  18.1642        1        1   1.0116  24.9497  96.9143  67.5483        1  76.4325   79.101
  [total]    104.7467  33.2487 109.9815  96.3336  65.5863  61.5519 115.9529  57.6178  19.1642  34.6485  96.6577  93.6935  25.9497  97.9165   68.549  31.6841  77.4903  80.2271


Time taken to build model (full training data) : 288.38 seconds

=== Model and evaluation on training set ===

Clustered Instances

 0       102 (  8%)
 1        32 (  3%)
 2       105 (  9%)
 3        97 (  8%)
 4        62 (  5%)
 5        61 (  5%)
 6       111 (  9%)
 7        57 (  5%)
 8        18 (  1%)
 9        33 (  3%)
10        94 (  8%)
11        94 (  8%)
12        24 (  2%)
13        92 (  7%)
14        69 (  6%)
15        29 (  2%)
16        73 (  6%)
17        82 (  7%)


Log likelihood: -8.19005

