 a  x  a  y  y  y  b  a  x  c  a  4  b  a  z  a
[1, 1, 3, 3, 3, 3, 3, 5, 7, 7, 9, 9, 9, 9, 9, 9], a 
[0, 1, 1, 1, 2, 3, 3, 5, 7, 7, 7, 7, 7, 7, 7, 7], z
[0, 0, 1, 1, 2, 3, 3, 5, 5, 5, 5, 5, 5, 7, 7, 7], a
[0, 0, 0, 1, 2, 3, 3, 3, 3, 3,*3, 3, 5, 5, 5, 5], b
[0, 0, 0, 0, 1, 2, 2, 2, 2, 2, 3, 3, 5, 5, 5, 5], 4
[0, 0, 0, 0, 0, 1, 1, 1, 1, 1, 3, 3, 5, 5, 5, 5], a
[0, 0, 0, 0, 0, 0, 1, 1, 1, 1, 3, 3, 5, 5, 5, 5], c
[0, 0, 0, 0, 0, 0, 0, 1, 1, 1, 3, 3, 3, 3, 3, 5], x
[0, 0, 0, 0, 0, 0, 0, 0, 1, 1, 1, 1, 1, 3, 3, 3], a
[0, 0, 0, 0, 0, 0, 0, 0, 0, 1, 1, 1, 1, 3, 3, 3], b
[0, 0, 0, 0, 0, 0, 0, 0, 0, 0, 1, 1, 1, 3, 3, 3], y
[0, 0, 0, 0, 0, 0, 0, 0, 0, 0, 0, 1, 1, 1, 1, 3], y
[0, 0, 0, 0, 0, 0, 0, 0, 0, 0, 0, 0, 1, 1, 1, 3], y
[0, 0, 0, 0, 0, 0, 0, 0, 0, 0, 0, 0, 0, 1, 1, 3], a
[0, 0, 0, 0, 0, 0, 0, 0, 0, 0, 0, 0, 0, 0, 1, 1], x
[0, 0, 0, 0, 0, 0, 0, 0, 0, 0, 0, 0, 0, 0, 0, 1]] a






  y  y  y  y  a  b  c  d
[[1, 2, 3, 4, 4, 4, 4, 4],
 [0, 1, 2, 3, 3, 3, 3, 3], 
 [0, 0, 1, 2, 2, 2, 2, 2], 
 [0, 0, 0, 1, 1, 1, 1, 1], 
 [0, 0, 0, 0, 1, 1, 1, 1], 
 [0, 0, 0, 0, 0, 1, 1, 1], 
 [0, 0, 0, 0, 0, 0, 1, 1], 
 [0, 0, 0, 0, 0, 0, 0, 1]
 
 
   a  b  y  y  y  y  y  c  d
 [[1, 1, 1, 2, 3, 4,*5, 5, 5],
  [0, 1, 1, 2, 3, 4, 5, 5, 5],
  [0, 0, 1, 2, 3, 4, 5, 5, 5],
  [0, 0, 0, 1
  , 2, 3, 4, 4, 4],
  [0, 0, 0, 0, 1, 2, 3, 3, 3],
  [0, 0, 0, 0, 0, 1, 2, 2, 2],
  [0, 0, 0, 0, 0, 0, 1, 1, 1],
  [0, 0, 0, 0, 0, 0, 0, 1, 1],
  [0, 0, 0, 0, 0, 0, 0, 0, 1]]